#MPS simulation for XXZ spin-1 chain
#parameters in unit of Jxy(=1) 
#************************# 
#local mg
-0.8918527573053274
0.8406339602970474
-0.8933702565846295
0.8938684423948497
-0.8986747237643992
0.8992574474243752
-0.8997963078875502
0.8999258329367813
-0.8999992393502422
0.9000237350679287
-0.9000353545805666
0.9000398830795183
-0.9000419095325622
0.9000427580454119
-0.9000431329825699
0.9000432955144035
-0.9000433675420637
0.9000433993596489
-0.9000434135600772
0.9000434199081389
-0.900043422762411
0.9000434240493187
-0.9000434246318296
0.9000434248962543
-0.9000434250166249
0.9000434250715339
-0.9000434250966666
0.9000434251081946
-0.9000434251134894
0.9000434251159072
-0.9000434251170215
0.9000434251175367
-0.9000434251177862
0.9000434251179031
-0.9000434251179583
0.9000434251179847
-0.9000434251179946
0.900043425118001
-0.900043425118007
0.900043425117992
-0.9000434251179944
0.900043425117994
-0.9000434251179883
0.9000434251179906
-0.900043425117984
0.9000434251179821
-0.9000434251179843
0.9000434251179905
-0.9000434251179903
0.9000434251180032
-0.9000434251180127
0.9000434251180088
-0.9000434251180108
0.9000434251179937
-0.9000434251179955
0.9000434251179924
-0.9000434251180017
0.9000434251179944
-0.9000434251180002
0.9000434251179918
-0.9000434251179905
0.900043425117996
-0.9000434251180018
0.9000434251179918
-0.9000434251179941
0.9000434251179958
-0.9000434251179912
0.9000434251179823
-0.9000434251179908
0.9000434251179869
-0.9000434251179897
0.9000434251180032
-0.9000434251179933
0.9000434251179779
-0.9000434251179918
0.9000434251180073
-0.9000434251180065
0.9000434251179926
-0.900043425118
0.9000434251179955
-0.9000434251179863
0.9000434251179776
-0.9000434251179877
0.9000434251179951
-0.9000434251179924
0.9000434251179916
-0.9000434251179946
0.9000434251180082
-0.9000434251179988
0.9000434251179861
-0.9000434251179877
0.9000434251179934
-0.9000434251179987
0.9000434251179897
-0.9000434251179906
0.9000434251179846
-0.9000434251179812
0.9000434251179898
-0.9000434251180008
0.9000434251180014
-0.9000434251180084
0.9000434251180085
-0.9000434251179981
0.9000434251179911
-0.9000434251179991
0.9000434251179982
-0.9000434251179971
0.900043425117993
-0.9000434251179905
0.900043425117992
-0.9000434251179978
0.9000434251179922
-0.9000434251179769
0.9000434251179765
-0.9000434251179855
0.9000434251179944
-0.9000434251179957
0.9000434251179825
-0.9000434251179713
0.9000434251179644
-0.9000434251179815
0.9000434251179793
-0.9000434251179809
0.9000434251179826
-0.9000434251179864
0.900043425117989
-0.900043425117979
0.9000434251179771
-0.9000434251179844
0.9000434251179826
-0.9000434251179794
0.9000434251179764
-0.9000434251179852
0.9000434251179807
-0.9000434251179771
0.9000434251179886
-0.9000434251179923
0.9000434251179781
-0.9000434251179741
0.9000434251179701
-0.9000434251179755
0.900043425117986
-0.9000434251179937
0.9000434251179934
-0.9000434251179944
0.9000434251179865
-0.9000434251179901
0.9000434251179914
-0.9000434251179915
0.9000434251179866
-0.9000434251179866
0.9000434251179857
-0.9000434251179958
0.9000434251179983
-0.9000434251179947
0.9000434251179938
-0.9000434251179997
0.900043425118002
-0.9000434251180028
0.9000434251180028
-0.900043425118
0.900043425118008
-0.9000434251180115
0.9000434251179916
-0.9000434251179918
0.900043425117986
-0.9000434251179912
0.9000434251179952
-0.9000434251180012
0.9000434251180012
-0.900043425117996
0.9000434251179764
-0.9000434251179837
0.9000434251180096
-0.9000434251180092
0.9000434251179982
-0.900043425118
0.9000434251179986
-0.9000434251180027
0.9000434251180016
-0.9000434251180011
0.9000434251179931
-0.9000434251179895
0.9000434251179902
-0.9000434251179902
0.9000434251179895
-0.9000434251179974
0.9000434251180006
-0.900043425118008
0.9000434251180048
-0.9000434251180024
0.9000434251180094
-0.9000434251179975
0.9000434251179791
-0.900043425117986
0.9000434251179941
-0.9000434251179873
0.9000434251179846
-0.9000434251179813
0.9000434251179766
-0.9000434251179759
0.9000434251179775
-0.9000434251179757
0.9000434251179722
-0.9000434251179787
0.9000434251179844
-0.9000434251179861
0.9000434251179902
-0.9000434251179975
0.9000434251179955
-0.900043425117996
0.9000434251179773
-0.9000434251179741
0.900043425117988
-0.9000434251180016
0.9000434251180022
-0.9000434251179962
0.9000434251179873
-0.9000434251180017
0.9000434251180005
-0.9000434251179932
0.9000434251180066
-0.9000434251180093
0.9000434251179927
-0.9000434251179896
0.9000434251179947
-0.9000434251180135
0.9000434251180094
-0.9000434251180005
0.9000434251179997
-0.9000434251179934
0.9000434251179895
-0.9000434251179901
0.9000434251179925
-0.9000434251179913
0.9000434251179941
-0.900043425117992
0.9000434251179862
-0.9000434251179832
0.9000434251179859
-0.9000434251179835
0.900043425117989
-0.9000434251179952
0.9000434251179963
-0.900043425117994
0.9000434251179917
-0.900043425117992
0.9000434251179954
-0.9000434251179882
0.9000434251179795
-0.9000434251179832
0.9000434251179829
-0.9000434251179792
0.9000434251179918
-0.9000434251179837
0.9000434251179839
-0.9000434251179988
0.9000434251180027
-0.9000434251179948
0.9000434251179855
-0.9000434251179883
0.9000434251179863
-0.9000434251179924
0.9000434251179869
-0.900043425117973
0.9000434251179501
-0.900043425117901
0.9000434251177984
-0.9000434251175522
0.9000434251170197
-0.9000434251159039
0.9000434251134586
-0.9000434251081673
0.9000434250966376
-0.9000434250715191
0.9000434250166024
-0.9000434248962447
0.9000434246318387
-0.900043424049333
0.9000434227624157
-0.9000434199081502
0.9000434135600631
-0.9000433993596325
0.9000433675420302
-0.900043295514372
0.9000431329825509
-0.9000427580454295
0.9000419095325656
-0.9000398830795359
0.9000353545805594
-0.9000237350679158
0.8999992393502166
-0.8999258329367802
0.8997963078875452
-0.8992574474243725
0.8986747237643958
-0.893868442394844
0.8933702565846112
-0.8406339602970215
0.8918527573053286