#MPS simulation for XXZ spin-1 chain
#parameters in unit of Jxy(=1) 
#************************# 
#local mg
-0.7856401244136971
0.6810658111370848
-0.7587568471331873
0.7458547681148098
-0.7598611650372434
0.758434875470544
-0.7614026490708102
0.7614118844335833
-0.7621212921772352
0.7622159387116342
-0.7624047470047798
0.7624543523327106
-0.7625084291567782
0.7625277182578314
-0.7625430566169294
0.7625488550674384
-0.7625522750169241
0.7625529635679341
-0.762552748968916
0.762551822133772
-0.7625506879922314
0.7625494653825846
-0.7625482934528979
0.7625472117333881
-0.762546249655618
0.7625454094918392
-0.7625446877004121
0.762544073915355
-0.762543556459679
0.7625431228904597
-0.7625427614441294
0.7625424612888125
-0.7625422128211554
0.7625420076586225
-0.76254183860383
0.7625416995354659
-0.7625415852924687
0.7625414915491455
-0.7625414146985273
0.7625413517445108
-0.762541300206484
0.7625412580357815
-0.7625412235440757
0.762541195342422
-0.7625411722898814
0.762541153450152
-0.7625411380556841
0.7625411254778522
-0.7625411152021698
0.7625411068076235
-0.7625410999500308
0.7625410943479198
-0.7625410897713414
0.7625410860324298
-0.7625410829777325
0.7625410804819052
-0.762541078442468
0.7625410767758134
-0.7625410754137186
0.7625410743003412
-0.7625410733902391
0.7625410726462015
-0.7625410720378719
0.7625410715404356
-0.7625410711336318
0.7625410708009144
-0.7625410705287503
0.7625410703060405
-0.7625410701238122
0.7625410699747209
-0.7625410698527263
0.7625410697528755
-0.7625410696711344
0.7625410696042623
-0.7625410695494947
0.7625410695046001
-0.762541069467858
0.762541069437745
-0.7625410694131044
0.7625410693929406
-0.7625410693764048
0.7625410693628645
-0.762541069351754
0.7625410693426107
-0.7625410693351051
0.7625410693289763
-0.7625410693239475
0.7625410693197437
-0.7625410693163212
0.7625410693135493
-0.7625410693112621
0.7625410693093769
-0.762541069307848
0.7625410693066155
-0.7625410693055972
0.7625410693047805
-0.7625410693041162
0.7625410693035907
-0.7625410693031311
0.7625410693027453
-0.7625410693024237
0.7625410693021334
-0.7625410693018715
0.7625410693016815
-0.7625410693015331
0.7625410693014165
-0.762541069301331
0.7625410693012468
-0.7625410693012069
0.7625410693011437
-0.7625410693011228
0.7625410693011038
-0.762541069301086
0.7625410693010618
-0.7625410693010745
0.7625410693010903
-0.7625410693010796
0.7625410693010445
-0.7625410693010073
0.7625410693009598
-0.7625410693009688
0.7625410693009689
-0.7625410693009614
0.762541069300961
-0.7625410693009529
0.7625410693009642
-0.7625410693009419
0.7625410693009247
-0.7625410693009217
0.7625410693009158
-0.7625410693009135
0.7625410693008926
-0.7625410693008996
0.7625410693008876
-0.7625410693009251
0.7625410693009599
-0.7625410693010054
0.7625410693010191
-0.7625410693009688
0.7625410693009645
-0.7625410693009446
0.7625410693009294
-0.7625410693009319
0.7625410693009284
-0.7625410693009139
0.7625410693008827
-0.7625410693008936
0.762541069300876
-0.7625410693008882
0.7625410693008859
-0.7625410693008855
0.7625410693008978
-0.7625410693008942
0.7625410693008884
-0.7625410693008888
0.7625410693008802
-0.7625410693009139
0.7625410693009165
-0.7625410693009564
0.7625410693009862
-0.7625410693009929
0.7625410693009995
-0.7625410693010226
0.7625410693009993
-0.76254106930099
0.7625410693009678
-0.7625410693009352
0.7625410693009063
-0.762541069300918
0.762541069300911
-0.7625410693009242
0.7625410693009027
-0.762541069300917
0.7625410693009217
-0.7625410693009264
0.7625410693009134
-0.7625410693009227
0.7625410693009408
-0.7625410693009932
0.7625410693010001
-0.7625410693010216
0.7625410693010879
-0.7625410693011214
0.7625410693011266
-0.7625410693011138
0.7625410693011062
-0.7625410693011125
0.7625410693011304
-0.7625410693011796
0.7625410693012236
-0.7625410693012865
0.7625410693013229
-0.7625410693013862
0.76254106930147
-0.7625410693015453
0.7625410693016555
-0.7625410693017779
0.762541069301958
-0.7625410693021876
0.7625410693024781
-0.762541069302811
0.7625410693032306
-0.7625410693037488
0.7625410693043332
-0.76254106930503
0.7625410693058176
-0.7625410693068125
0.7625410693080392
-0.7625410693095422
0.7625410693113972
-0.7625410693136562
0.76254106931643
-0.762541069319766
0.762541069323891
-0.7625410693289298
0.7625410693350804
-0.7625410693425756
0.7625410693516796
-0.7625410693627844
0.7625410693763582
-0.7625410693928707
0.762541069413039
-0.7625410694376678
0.7625410694677468
-0.762541069504514
0.7625410695494231
-0.7625410696042371
0.7625410696711655
-0.7625410697529619
0.7625410698528369
-0.7625410699748434
0.7625410701239324
-0.7625410703061303
0.7625410705287968
-0.7625410708009426
0.7625410711336134
-0.7625410715404044
0.7625410720378288
-0.7625410726461995
0.7625410733902576
-0.7625410743003829
0.7625410754137076
-0.7625410767758171
0.7625410784424337
-0.7625410804819144
0.762541082977814
-0.7625410860325312
0.7625410897714319
-0.7625410943479912
0.762541099950066
-0.7625411068076655
0.7625411152021538
-0.7625411254777971
0.762541138055569
-0.7625411534500575
0.7625411722898585
-0.7625411953424834
0.7625412235441329
-0.7625412580359429
0.7625413002067138
-0.7625413517447801
0.7625414146988336
-0.7625414915495347
0.7625415852929553
-0.7625416995361026
0.7625418386045686
-0.762542007659584
0.7625422128222672
-0.7625424612900079
0.762542761445437
-0.7625431228918479
0.7625435564611357
-0.7625440739169155
0.7625446877021159
-0.7625454094936586
0.7625462496575779
-0.762547211735442
0.7625482934550583
-0.7625494653846987
0.7625506879945864
-0.7625518221358235
0.7625527489710383
-0.7625529635698083
0.7625522750185129
-0.7625488550691079
0.7625430566179063
-0.7625277182590239
0.7625084291570259
-0.7624543523331098
0.7624047470053262
-0.7622159387121233
0.7621212921777023
-0.7614118844342326
0.7614026490709125
-0.758434875470495
0.7598611650367891
-0.7458547681143788
0.7587568471326196
-0.6810658111365981
0.7856401244129849