#MPS simulation for XXZ spin-1 chain
#parameters in unit of Jxy(=1) 
#************************# 
#local mg
-0.9216781821864651
0.8850920097714008
-0.9254693504902332
0.9264379556119454
-0.9288869228903469
0.9291623562578769
-0.9293388677925302
0.9293741503069644
-0.9293891468963563
0.9293931163479983
-0.9293945583712186
0.9293949947287423
-0.9293951448122091
0.9293951931630355
-0.929395209561108
0.9293952150080935
-0.9293952168566727
0.9293952174810595
-0.9293952176940645
0.9293952177667785
-0.9293952177917272
0.9293952178003037
-0.929395217803261
0.9293952178042906
-0.9293952178046517
0.9293952178047731
-0.9293952178048102
0.9293952178048227
-0.9293952178048233
0.9293952178048388
-0.9293952178048318
0.9293952178048314
-0.9293952178048257
0.9293952178048389
-0.9293952178048347
0.9293952178048339
-0.9293952178048304
0.9293952178048354
-0.9293952178048379
0.9293952178048343
-0.929395217804828
0.9293952178048294
-0.9293952178048211
0.929395217804829
-0.9293952178048293
0.9293952178048319
-0.9293952178048329
0.9293952178048316
-0.9293952178048296
0.9293952178048267
-0.9293952178048261
0.9293952178048297
-0.9293952178048248
0.9293952178048246
-0.9293952178048286
0.9293952178048313
-0.9293952178048257
0.9293952178048283
-0.9293952178048274
0.9293952178048321
-0.9293952178048281
0.9293952178048375
-0.929395217804833
0.9293952178048281
-0.9293952178048251
0.9293952178048264
-0.9293952178048235
0.929395217804829
-0.9293952178048256
0.9293952178048259
-0.9293952178048286
0.9293952178048219
-0.9293952178048253
0.9293952178048341
-0.9293952178048265
0.9293952178048284
-0.9293952178048279
0.9293952178048346
-0.9293952178048308
0.9293952178048307
-0.9293952178048261
0.9293952178048246
-0.9293952178048239
0.9293952178048279
-0.9293952178048255
0.9293952178048328
-0.929395217804832
0.9293952178048336
-0.9293952178048351
0.92939521780484
-0.9293952178048378
0.9293952178048309
-0.9293952178048285
0.9293952178048296
-0.9293952178048279
0.9293952178048257
-0.9293952178048279
0.929395217804833
-0.9293952178048235
0.9293952178048245
-0.9293952178048143
0.9293952178048203
-0.9293952178048224
0.9293952178048267
-0.9293952178048228
0.9293952178048276
-0.929395217804825
0.9293952178048324
-0.929395217804829
0.9293952178048299
-0.9293952178048245
0.9293952178048273
-0.9293952178048277
0.9293952178048275
-0.9293952178048287
0.9293952178048346
-0.9293952178048318
0.9293952178048307
-0.9293952178048273
0.9293952178048386
-0.9293952178048281
0.9293952178048273
-0.9293952178048219
0.9293952178048287
-0.9293952178048256
0.9293952178048243
-0.9293952178048265
0.9293952178048256
-0.9293952178048208
0.9293952178048249
-0.9293952178048209
0.9293952178048178
-0.9293952178048163
0.9293952178048167
-0.9293952178048159
0.9293952178048219
-0.9293952178048247
0.9293952178048256
-0.9293952178048255
0.9293952178048248
-0.9293952178048238
0.9293952178048258
-0.9293952178048255
0.9293952178048266
-0.9293952178048247
0.9293952178048235
-0.9293952178048273
0.9293952178048254
-0.9293952178048213
0.9293952178048273
-0.9293952178048218
0.9293952178048245
-0.9293952178048246
0.9293952178048276
-0.9293952178048317
0.9293952178048247
-0.9293952178048221
0.9293952178048254
-0.9293952178048238
0.9293952178048247
-0.929395217804823
0.9293952178048278
-0.9293952178048248
0.9293952178048265
-0.9293952178048219
0.9293952178048291
-0.9293952178048288
0.9293952178048255
-0.9293952178048239
0.9293952178048306
-0.9293952178048223
0.9293952178048189
-0.9293952178048243
0.9293952178048277
-0.9293952178048255
0.9293952178048295
-0.9293952178048249
0.929395217804822
-0.9293952178048287
0.9293952178048412
-0.9293952178048401
0.9293952178048287
-0.9293952178048231
0.929395217804823
-0.9293952178048251
0.9293952178048309
-0.9293952178048245
0.929395217804828
-0.9293952178048261
0.9293952178048323
-0.929395217804828
0.9293952178048281
-0.9293952178048279
0.9293952178048269
-0.9293952178048288
0.929395217804834
-0.9293952178048324
0.9293952178048329
-0.9293952178048308
0.9293952178048261
-0.9293952178048204
0.9293952178048234
-0.9293952178048277
0.929395217804829
-0.9293952178048248
0.9293952178048369
-0.9293952178048313
0.9293952178048305
-0.9293952178048295
0.9293952178048359
-0.9293952178048328
0.9293952178048249
-0.9293952178048251
0.9293952178048355
-0.9293952178048314
0.9293952178048316
-0.92939521780483
0.9293952178048303
-0.9293952178048285
0.9293952178048298
-0.9293952178048243
0.9293952178048301
-0.9293952178048317
0.9293952178048365
-0.9293952178048351
0.929395217804833
-0.9293952178048321
0.9293952178048306
-0.9293952178048266
0.9293952178048265
-0.9293952178048227
0.9293952178048285
-0.9293952178048241
0.9293952178048371
-0.9293952178048369
0.9293952178048369
-0.929395217804825
0.92939521780483
-0.9293952178048268
0.9293952178048269
-0.9293952178048255
0.9293952178048253
-0.9293952178048236
0.9293952178048266
-0.9293952178048269
0.9293952178048325
-0.9293952178048279
0.9293952178048329
-0.9293952178048254
0.9293952178048261
-0.9293952178048231
0.9293952178048268
-0.9293952178048245
0.9293952178048264
-0.9293952178048246
0.9293952178048346
-0.9293952178048422
0.9293952178048354
-0.9293952178048303
0.9293952178048339
-0.9293952178048328
0.9293952178048341
-0.9293952178048334
0.9293952178048344
-0.929395217804834
0.9293952178048378
-0.9293952178048379
0.929395217804835
-0.9293952178048308
0.929395217804832
-0.9293952178048279
0.9293952178048286
-0.9293952178048197
0.9293952178048113
-0.9293952178047643
0.9293952178046428
-0.9293952178042858
0.9293952178032587
-0.9293952178002909
0.9293952177917213
-0.9293952177667746
0.9293952176940666
-0.929395217481066
0.9293952168566805
-0.9293952150080887
0.9293952095611016
-0.9293951931630177
0.929395144812191
-0.9293949947287364
0.9293945583712165
-0.9293931163480101
0.9293891468963593
-0.9293741503069717
0.92933886779254
-0.9291623562578833
0.9288869228903557
-0.9264379556119469
0.9254693504902424
-0.8850920097714206
0.9216781821864786