#MPS simulation for XXZ spin-1 chain
#parameters in unit of Jxy(=1) 
#************************# 
#local mg
-0.3681312764090865
0.15219790279864143
-0.20128895813885564
0.08100136563601738
-0.10497946988535022
0.03775883822251585
-0.054427998569027504
0.016173930326533238
-0.028483141473046727
0.006181993641196109
-0.015166374750901192
0.001837722082305125
-0.008259781093012918
0.00010536369770234966
-0.004616739126068379
-0.00047674741590898485
-0.0026530486773029332
-0.0005854651643414251
-0.0015675972241963757
-0.0005221160159715303
-0.0009509985152184033
-0.00041376053779087417
-0.0005908242552973316
-0.0003091647623747229
-0.00037468012595407287
-0.000223442630868867
-0.00024171209760052198
-0.00015826944803531124
-0.0001581099015222593
-0.00011070454461577094
-0.00010456882846835698
-7.682100579227819e-05
-6.975769663238646e-05
-5.3042345852326634e-05
-4.68487181569794e-05
-3.6511539746869205e-05
-3.162761433880254e-05
-2.508726689519373e-05
-2.1438941311137442e-05
-1.7220802406174438e-05
-1.4579057723620763e-05
-1.181671482536572e-05
-9.93906911462134e-06
-8.108347904629041e-06
-6.789575737247041e-06
-5.564916858338438e-06
-4.6455057893439246e-06
-3.820957926328748e-06
-3.1828302691194573e-06
-2.62422496673216e-06
-2.1827203446892845e-06
-1.8032657489800404e-06
-1.4982397362569884e-06
-1.2393818791220682e-06
-1.0291289557921318e-06
-8.52055942232701e-07
-7.072658017752287e-07
-5.85904202121928e-07
-4.86227266800403e-07
-4.029402285093202e-07
-3.3432587669200985e-07
-2.7711430889889e-07
-2.2988020509354353e-07
-1.9055294566074572e-07
-1.5803505379873106e-07
-1.30989166560911e-07
-1.0860361668686032e-07
-9.000035924711787e-08
-7.459322524664409e-08
-6.179830897561832e-08
-5.119843196285483e-08
-4.2401696064389685e-08
-3.5113570845016606e-08
-2.906877620414235e-08
-2.406175441837876e-08
-1.991087223856077e-08
-1.647400525685626e-08
-1.3626095505844292e-08
-1.1269214954175055e-08
-9.316933051279052e-09
-7.702190274991355e-09
-6.365232912315106e-09
-5.2600747315973095e-09
-4.345149082418924e-09
-3.5895556827702605e-09
-2.9639892987717274e-09
-2.4475820171867697e-09
-2.0205081397624454e-09
-1.6680001031026119e-09
-1.376356840725509e-09
-1.1360430999248007e-09
-9.3705725791496e-10
-7.733734632871399e-10
-6.375346975171888e-10
-5.262211155151791e-10
-4.336555919874739e-10
-3.578292357533379e-10
-2.9489140193105617e-10
-2.4324936490518466e-10
-2.003479745814398e-10
-1.652840940981554e-10
-1.3615021798671077e-10
-1.1234734584368461e-10
-9.223730582228161e-11
-7.637417811089952e-11
-6.26693927882593e-11
-5.18366323846952e-11
-4.248329542752565e-11
-3.528251451103342e-11
-2.864994411151813e-11
-2.4062638097832825e-11
-1.9438300789154668e-11
-1.634356857770786e-11
-1.3289702757017146e-11
-1.1055915563857551e-11
-9.047159977975333e-12
-7.35697419817447e-12
-6.157983262072674e-12
-5.024567639421786e-12
-4.11967360387317e-12
-3.51227034191914e-12
-2.7425892517532952e-12
-2.38413097581012e-12
-1.89247534219722e-12
-1.6360882671980243e-12
-1.2507576326928856e-12
-1.1675819154242665e-12
-7.28189170686873e-13
-7.929814222864947e-13
-4.461949742556996e-13
-6.179594704306535e-13
-3.8508472669658955e-13
-3.9118269222320886e-13
-2.1368092769711577e-13
-2.4701743891847584e-13
-1.770437722747145e-13
-6.596794528606571e-14
-2.3713450894314154e-13
4.5964817410561634e-14
-8.640869275641279e-14
-7.24031842743892e-14
-5.100647436304769e-15
-1.413703063267604e-13
1.3423834243153276e-13
-2.5495771090063927e-13
2.0490228544530413e-13
-1.9902583972962357e-13
1.002338796284682e-13
-6.754502943894844e-14
9.317794983248688e-14
-3.77019460103468e-14
6.100262345388043e-14
1.8623256464405616e-14
2.6195142214532107e-14
5.458838664510596e-14
-5.996826716949434e-15
-7.1406898468773e-15
5.761541163270324e-14
1.8956945932737588e-14
1.2521528356088822e-13
1.6424599388120076e-14
1.5830703456954614e-13
2.452915271608875e-14
2.5342169043044455e-13
2.0067830491645514e-14
4.785560674989732e-13
8.835565026473228e-14
5.094793072111021e-13
2.2743906801744327e-13
7.26900027839695e-13
4.028495251736136e-13
9.071313503342843e-13
6.763262964103012e-13
1.0872370142259758e-12
1.2711820129413536e-12
1.504264429938782e-12
1.9924658110083323e-12
2.248985756125999e-12
2.851954186963833e-12
3.4572365859502803e-12
4.066765862542305e-12
5.104693675081177e-12
5.946340582577305e-12
7.668988876917117e-12
8.787068777747592e-12
1.1258892967379792e-11
1.2952150157177763e-11
1.6506933403404905e-11
1.9316547338774193e-11
2.4068819468914806e-11
2.8724597649490187e-11
3.532472491148888e-11
4.2403659353138295e-11
5.196197047479969e-11
6.260292595349747e-11
7.643524777021103e-11
9.234698594202906e-11
1.1242014448474748e-10
1.361321485742174e-10
1.6535666473520942e-10
2.0050603120033208e-10
2.4326859899436375e-10
2.948617685305221e-10
3.5792760825936056e-10
4.3384214012716397e-10
5.26344244648825e-10
6.378039971592441e-10
7.736372982281283e-10
9.373452743607602e-10
1.1364408299768146e-09
1.3769605732251553e-09
1.6684857333456196e-09
2.0212385959781725e-09
2.4482244837501074e-09
2.9653256404034443e-09
3.5902336292548444e-09
4.346937764295642e-09
5.261363565559602e-09
6.367620457046682e-09
7.704299995144948e-09
9.320292162991616e-09
1.127217679505423e-08
1.3630605912823953e-08
1.647851819518962e-08
1.9916992302787686e-08
2.40683240949828e-08
2.9076949343201733e-08
3.512311293354924e-08
4.2412497801327327e-08
5.121217994539924e-08
6.181291069312684e-08
7.461219192672669e-08
9.001975936066228e-08
1.0862972467272031e-07
1.3101413755828532e-07
1.580710320905809e-07
1.90583071189583e-07
2.299297342508389e-07
2.771470411277346e-07
3.3439498884811996e-07
4.029674597054863e-07
4.863254680493568e-07
5.859068523388758e-07
7.074082800239607e-07
8.519947419991514e-07
1.0293347697573373e-06
1.2391921786358036e-06
1.4985101656014921e-06
1.8029339235515235e-06
2.1830304051343714e-06
2.6241691100028598e-06
3.182879471508596e-06
3.820697955147088e-06
4.645637477148573e-06
5.565318953892367e-06
6.788957926317338e-06
8.108810241628498e-06
9.938593774836813e-06
1.1817436185092455e-05
1.457825917420406e-05
1.7221599242125237e-05
2.1438480789672987e-05
2.5087627271994996e-05
3.162740297836251e-05
3.651148354482965e-05
4.68484971709284e-05
5.304179880910518e-05
6.975829032467865e-05
7.682088030403741e-05
0.00010456885632925035
0.0001107043032316359
0.0001581101744843341
0.00015826919851991735
0.00024171227757292075
0.00022344247815727958
0.0003746801608924826
0.0003091648519382165
0.0005908239445916665
0.00041376082631412693
0.00095099830274426
0.0005221168888117499
0.0015675965647576296
0.0005854658549870857
0.0026530484394515644
0.0004767476795196084
0.004616738932389208
-0.0001053636244454794
0.008259780913304307
-0.0018377221527798864
0.015166374604458568
-0.006181993665745512
0.028483141326955137
-0.016173930343149852
0.05442799857091129
-0.0377588383122853
0.10497946977133195
-0.08100136581750524
0.20128895809483632
-0.15219790282596965
0.3681312763425582