#MPS simulation for XXZ spin-1 chain
#parameters in unit of Jxy(=1) 
#************************# 
#local mg
-0.8990826308885254
0.8514354959109816
-0.9013703469974046
0.9020755447981171
-0.9062524158521176
0.906757712325608
-0.9071845450736553
0.9072838282064902
-0.9073364911796271
0.9073532733278935
-0.9073607784246434
0.9073635543055759
-0.9073647278105443
0.9073651928534449
-0.9073653870389546
0.9073654666108473
-0.9073654999269765
0.9073655138307258
-0.9073655196918597
0.9073655221663572
-0.9073655232170079
0.9073655236643009
-0.9073655238554494
0.9073655239373518
-0.9073655239725569
0.9073655239877229
-0.9073655239942782
0.9073655239971111
-0.9073655239983413
0.9073655239988615
-0.9073655239990905
0.9073655239991915
-0.9073655239992378
0.9073655239992499
-0.9073655239992678
0.907365523999278
-0.90736552399928
0.9073655239992737
-0.9073655239992747
0.9073655239992646
-0.9073655239992737
0.9073655239992688
-0.9073655239992596
0.9073655239992585
-0.9073655239992684
0.9073655239992647
-0.9073655239992724
0.9073655239992862
-0.9073655239992902
0.9073655239992808
-0.9073655239992782
0.9073655239992795
-0.9073655239992812
0.9073655239992675
-0.9073655239992772
0.9073655239992793
-0.9073655239992816
0.9073655239992859
-0.907365523999289
0.9073655239992883
-0.9073655239992927
0.9073655239992743
-0.9073655239992766
0.9073655239992778
-0.9073655239992859
0.9073655239992849
-0.9073655239992852
0.9073655239992807
-0.9073655239992863
0.9073655239992751
-0.907365523999281
0.9073655239992732
-0.9073655239992722
0.9073655239992625
-0.9073655239992645
0.9073655239992713
-0.9073655239992718
0.9073655239992635
-0.9073655239992626
0.9073655239992688
-0.9073655239992791
0.9073655239992707
-0.9073655239992791
0.9073655239992834
-0.9073655239992856
0.9073655239992763
-0.9073655239992743
0.9073655239992772
-0.9073655239992824
0.9073655239992786
-0.9073655239992805
0.907365523999272
-0.9073655239992751
0.907365523999261
-0.9073655239992653
0.9073655239992786
-0.9073655239992807
0.9073655239992636
-0.9073655239992712
0.907365523999269
-0.907365523999269
0.9073655239992702
-0.9073655239992743
0.9073655239992734
-0.907365523999279
0.9073655239992764
-0.9073655239992744
0.9073655239992647
-0.9073655239992753
0.9073655239992775
-0.9073655239992826
0.9073655239992784
-0.9073655239992772
0.9073655239992683
-0.9073655239992736
0.9073655239992611
-0.9073655239992685
0.9073655239992721
-0.9073655239992758
0.9073655239992627
-0.9073655239992648
0.9073655239992667
-0.9073655239992723
0.9073655239992735
-0.9073655239992794
0.9073655239992766
-0.9073655239992806
0.9073655239992703
-0.9073655239992751
0.9073655239992735
-0.9073655239992773
0.9073655239992745
-0.9073655239992825
0.907365523999276
-0.9073655239992839
0.9073655239992843
-0.9073655239992791
0.9073655239992651
-0.9073655239992608
0.9073655239992577
-0.9073655239992677
0.9073655239992757
-0.9073655239992748
0.9073655239992748
-0.9073655239992862
0.907365523999287
-0.9073655239992896
0.9073655239992862
-0.9073655239992862
0.907365523999286
-0.907365523999289
0.9073655239992797
-0.9073655239992813
0.907365523999278
-0.9073655239992774
0.9073655239992809
-0.907365523999287
0.9073655239992742
-0.9073655239992762
0.9073655239992646
-0.9073655239992674
0.9073655239992706
-0.9073655239992722
0.9073655239992752
-0.9073655239992805
0.9073655239992767
-0.9073655239992836
0.9073655239992806
-0.9073655239992793
0.9073655239992732
-0.9073655239992737
0.9073655239992742
-0.9073655239992751
0.9073655239992782
-0.907365523999281
0.9073655239992832
-0.9073655239992869
0.9073655239992777
-0.907365523999277
0.907365523999288
-0.9073655239992893
0.9073655239992808
-0.9073655239992824
0.90736552399927
-0.9073655239992745
0.9073655239992723
-0.9073655239992773
0.9073655239992837
-0.9073655239992839
0.9073655239992663
-0.9073655239992697
0.9073655239992735
-0.9073655239992764
0.907365523999273
-0.9073655239992742
0.9073655239992726
-0.9073655239992743
0.9073655239992784
-0.9073655239992786
0.9073655239992765
-0.907365523999282
0.9073655239992809
-0.9073655239992895
0.9073655239992868
-0.9073655239992784
0.9073655239992744
-0.9073655239992834
0.9073655239992813
-0.9073655239992746
0.9073655239992744
-0.9073655239992885
0.9073655239992785
-0.9073655239992752
0.9073655239992825
-0.9073655239992839
0.9073655239992646
-0.9073655239992681
0.9073655239992628
-0.907365523999269
0.9073655239992776
-0.9073655239992833
0.9073655239992731
-0.9073655239992766
0.9073655239992758
-0.9073655239992738
0.9073655239992764
-0.9073655239992767
0.9073655239992754
-0.907365523999278
0.9073655239992868
-0.9073655239992904
0.9073655239992798
-0.9073655239992764
0.9073655239992736
-0.9073655239992753
0.9073655239992757
-0.9073655239992738
0.907365523999272
-0.9073655239992705
0.9073655239992768
-0.9073655239992764
0.9073655239992702
-0.9073655239992742
0.907365523999266
-0.9073655239992616
0.9073655239992535
-0.9073655239992686
0.9073655239992791
-0.9073655239992734
0.9073655239992756
-0.9073655239992827
0.9073655239992807
-0.9073655239992722
0.9073655239992642
-0.9073655239992738
0.9073655239992682
-0.9073655239992714
0.9073655239992751
-0.9073655239992823
0.9073655239992832
-0.9073655239992882
0.907365523999284
-0.9073655239992898
0.907365523999275
-0.9073655239992628
0.9073655239992529
-0.9073655239992553
0.9073655239992545
-0.9073655239992143
0.9073655239991076
-0.9073655239988799
0.9073655239983368
-0.9073655239971017
0.9073655239942642
-0.9073655239877225
0.9073655239725593
-0.9073655239373493
0.9073655238554414
-0.9073655236642963
0.9073655232169969
-0.9073655221663556
0.9073655196918557
-0.9073655138307297
0.9073654999269753
-0.907365466610853
0.9073653870389485
-0.9073651928534385
0.9073647278105064
-0.9073635543055584
0.9073607784246362
-0.9073532733278967
0.9073364911796157
-0.9072838282064752
0.9071845450736422
-0.9067577123256202
0.9062524158521206
-0.9020755447981119
0.9013703469974035
-0.8514354959110092
0.8990826308885359