#MPS simulation for XXZ spin-1 chain
#parameters in unit of Jxy(=1) 
#************************# 
#local mg
-0.8747470588600569
0.8150276623104793
-0.8738674905755761
0.8735916435427017
-0.8799945630266872
0.8807412194340166
-0.8816096035532535
0.8818289946760282
-0.8819739300599446
0.8820267007640089
-0.8820551932030751
0.882067530660141
-0.882073764860273
0.8820766889268116
-0.88207814483246
0.8820788543290975
-0.8820792085525735
0.8820793847479418
-0.882079473369512
0.8820795180170152
-0.882079540649518
0.8820795521554957
-0.882079558029064
0.8820795610361238
-0.8820795625804386
0.8820795633755775
-0.8820795637860201
0.8820795639983946
-0.882079564108502
0.882079564165691
-0.8820795641954616
0.8820795642109951
-0.882079564219097
0.8820795642233377
-0.8820795642255425
0.8820795642266909
-0.882079564227304
0.8820795642276319
-0.8820795642277983
0.8820795642278805
-0.882079564227944
0.8820795642279874
-0.8820795642280155
0.8820795642280072
-0.882079564228001
0.8820795642280166
-0.882079564228027
0.8820795642280193
-0.8820795642280096
0.8820795642280069
-0.8820795642280127
0.8820795642279967
-0.8820795642279977
0.8820795642279956
-0.8820795642279965
0.8820795642279923
-0.8820795642279935
0.8820795642279967
-0.8820795642279863
0.8820795642279997
-0.8820795642280003
0.8820795642279937
-0.8820795642279736
0.8820795642279672
-0.8820795642279846
0.8820795642279863
-0.8820795642279963
0.8820795642279912
-0.882079564227981
0.8820795642279929
-0.8820795642279943
0.8820795642279846
-0.8820795642279772
0.8820795642279841
-0.8820795642279942
0.8820795642279966
-0.8820795642279925
0.8820795642279932
-0.8820795642280033
0.8820795642280107
-0.8820795642279979
0.8820795642280032
-0.8820795642280171
0.8820795642279963
-0.8820795642279927
0.882079564228015
-0.8820795642280133
0.8820795642280019
-0.8820795642280115
0.8820795642280138
-0.8820795642280082
0.8820795642279947
-0.8820795642279934
0.882079564227998
-0.8820795642280017
0.882079564227986
-0.8820795642279946
0.882079564228009
-0.8820795642280084
0.882079564228019
-0.8820795642280105
0.8820795642279946
-0.8820795642279976
0.8820795642279969
-0.8820795642279907
0.8820795642279907
-0.8820795642279913
0.882079564227997
-0.8820795642280029
0.8820795642280067
-0.8820795642280114
0.8820795642280109
-0.8820795642280375
0.8820795642280297
-0.8820795642280185
0.8820795642280163
-0.8820795642280052
0.882079564228013
-0.8820795642280096
0.882079564227991
-0.8820795642279916
0.8820795642280005
-0.8820795642280016
0.882079564228002
-0.8820795642279985
0.8820795642279871
-0.8820795642279989
0.8820795642280016
-0.8820795642280215
0.8820795642280247
-0.8820795642280159
0.882079564228005
-0.882079564228002
0.882079564227993
-0.8820795642280004
0.8820795642279807
-0.8820795642279936
0.8820795642279904
-0.8820795642279855
0.8820795642279995
-0.8820795642280047
0.8820795642280052
-0.8820795642280078
0.8820795642280072
-0.8820795642280056
0.8820795642280018
-0.8820795642280058
0.8820795642279933
-0.8820795642279894
0.8820795642279892
-0.8820795642279843
0.8820795642279843
-0.8820795642279872
0.8820795642279794
-0.882079564227986
0.8820795642279752
-0.8820795642279803
0.8820795642279846
-0.8820795642279795
0.8820795642279858
-0.8820795642279966
0.8820795642279888
-0.882079564227987
0.8820795642279751
-0.8820795642279808
0.8820795642279832
-0.8820795642279832
0.8820795642279783
-0.8820795642279845
0.8820795642279955
-0.8820795642280068
0.8820795642280154
-0.8820795642280126
0.8820795642279962
-0.8820795642279897
0.8820795642280043
-0.8820795642280109
0.8820795642280019
-0.8820795642280139
0.8820795642280032
-0.882079564228001
0.8820795642279865
-0.8820795642279864
0.8820795642279873
-0.8820795642279876
0.8820795642279831
-0.882079564227999
0.8820795642280134
-0.8820795642280135
0.882079564227998
-0.8820795642279957
0.8820795642279919
-0.8820795642280054
0.88207956422801
-0.8820795642280007
0.8820795642280097
-0.882079564228027
0.8820795642280141
-0.8820795642280131
0.8820795642280075
-0.8820795642279958
0.8820795642279868
-0.8820795642279815
0.882079564227977
-0.8820795642279763
0.8820795642279816
-0.8820795642279828
0.8820795642279793
-0.8820795642279844
0.8820795642279913
-0.8820795642280025
0.8820795642280067
-0.8820795642280073
0.8820795642279907
-0.8820795642279868
0.882079564227985
-0.8820795642279887
0.882079564227993
-0.8820795642279968
0.8820795642279948
-0.8820795642279946
0.8820795642279886
-0.8820795642279908
0.8820795642279916
-0.8820795642279977
0.8820795642279905
-0.8820795642279834
0.8820795642279633
-0.8820795642279722
0.8820795642279806
-0.8820795642279774
0.8820795642279783
-0.8820795642279771
0.8820795642279731
-0.882079564227979
0.8820795642279862
-0.8820795642279977
0.8820795642279957
-0.8820795642280027
0.8820795642279947
-0.8820795642280054
0.8820795642280066
-0.8820795642280043
0.8820795642279936
-0.8820795642279925
0.8820795642279855
-0.8820795642279927
0.8820795642279973
-0.8820795642279978
0.8820795642279959
-0.8820795642279816
0.8820795642279852
-0.8820795642279909
0.8820795642279965
-0.8820795642280218
0.8820795642280214
-0.8820795642280133
0.8820795642280048
-0.8820795642279767
0.8820795642279441
-0.8820795642279007
0.8820795642278171
-0.8820795642276494
0.8820795642273159
-0.8820795642267044
0.8820795642255309
-0.8820795642233
0.8820795642190704
-0.8820795642109821
0.8820795641954691
-0.8820795641656912
0.8820795641084892
-0.8820795639983867
0.882079563786011
-0.8820795633755507
0.882079562580388
-0.8820795610361
0.8820795580290555
-0.882079552155502
0.8820795406495515
-0.8820795180170524
0.8820794733695305
-0.882079384747956
0.8820792085525598
-0.8820788543290985
0.8820781448324648
-0.8820766889268162
0.8820737648602753
-0.8820675306601348
0.8820551932030543
-0.8820267007639981
0.881973930059927
-0.8818289946760006
0.8816096035531984
-0.8807412194339852
0.8799945630266668
-0.8735916435426989
0.8738674905755873
-0.8150276623105137
0.8747470588600422