#MPS simulation for XXZ spin-1 chain
#parameters in unit of Jxy(=1) 
#************************# 
#local mg
-0.5388186948760333
0.32704241540785456
-0.3765399605654779
0.26888143370667505
-0.2645614131074202
0.20236074598595136
-0.18697391224926996
0.14853801981847192
-0.13279029667420175
0.10792078088337478
-0.0946379513922827
0.07801739426705678
-0.06760630968664948
0.0562452719599365
-0.048371512254984865
0.040483969485694625
-0.034645228550014825
0.029110707718190406
-0.024831164401651062
0.02091954097454262
-0.01780536152904634
0.015027154164067802
-0.012771402233950981
0.010791614747927203
-0.0091625563189982
0.007748536567198564
-0.006574395423995682
0.00556290469404878
-0.004717767007897934
0.003993455373030581
-0.0033856765163427288
0.0028666352234650093
-0.0024298183367117364
0.0020576897059665536
-0.00174387538262229
0.0014769856014528434
-0.0012516019829371078
0.001060144368155753
-0.000898304049922636
0.0007609366388277363
-0.0006447403379571864
0.0005461706270004749
-0.00046275311962460546
0.0003920176842525375
-0.0003321360166934118
0.00028137222137819854
-0.0002383878185781444
0.00020195543771058368
-0.00017110124639057805
0.0001449536055965886
-0.00012280696709159682
0.00010404037107462873
-8.814411916601975e-05
7.467484702934488e-05
-6.326507538415181e-05
5.35977422178976e-05
-4.540827072027788e-05
3.8469668505696086e-05
-3.259162869228381e-05
2.761151580422309e-05
-2.339253472006136e-05
1.9818097178497632e-05
-1.6789918459073988e-05
1.4224388145531607e-05
-1.2050913014947625e-05
1.0209516914494952e-05
-8.649507237482062e-06
7.327853394017145e-06
-6.208158810559996e-06
5.259546936376226e-06
-4.455888220954024e-06
3.7750254834785995e-06
-3.1982011906025284e-06
2.709514215822935e-06
-2.2954998748957687e-06
1.944746367832845e-06
-1.647588742528188e-06
1.3958364553212347e-06
-1.182552339039377e-06
1.0018579147354985e-06
-8.487738211516229e-07
7.19080999298872e-07
-6.092053268595107e-07
5.16118724662647e-07
-4.3725577915717917e-07
3.7044318364771205e-07
-3.138396615957201e-07
2.658850140179755e-07
-2.2525781798691937e-07
1.9083846367343163e-07
-1.6167839877147087e-07
1.3697390817260997e-07
-1.1604427874238455e-07
9.831279381673383e-08
-8.329065304245631e-08
7.056389558968099e-08
-5.97818250844466e-08
5.064731183323703e-08
-4.290852390216651e-08
3.635227102510521e-08
-3.079772612640489e-08
2.609188220000669e-08
-2.2105174089251337e-08
1.8727646272765603e-08
-1.586624186928185e-08
1.3441930679429676e-08
-1.1388071200716418e-08
9.648091758533298e-09
-8.173903954339453e-09
6.925036115000405e-09
-5.866792605202013e-09
4.970072488545389e-09
-4.2104549507475955e-09
3.5669098486259533e-09
-3.0216836999933277e-09
2.5598379543939974e-09
-2.1685613732035935e-09
1.837090673900316e-09
-1.5562216318489441e-09
1.3182732312869815e-09
-1.1166944102206998e-09
9.459011695458248e-10
-8.01336586285454e-10
6.787603304477905e-10
-5.748651173231613e-10
4.869742637744255e-10
-4.1263059137538597e-10
3.49613069133443e-10
-2.962740930611672e-10
2.5113924477994103e-10
-2.1291466349668618e-10
1.8059951561988932e-10
-1.5333025681576484e-10
1.3018578112780993e-10
-1.104627065152004e-10
9.383571405058356e-11
-7.975233462433296e-11
6.774036022917816e-11
-5.773669228008514e-11
4.922654531338395e-11
-4.211070192983191e-11
3.607186517966519e-11
-3.099981564139668e-11
2.6967123045455987e-11
-2.371405809533854e-11
2.1139090264288185e-11
-1.9093761827137097e-11
1.765725845903834e-11
-1.6762105812637623e-11
1.633582840164386e-11
-1.6509283289570816e-11
1.7115644563348943e-11
-1.8203182129086065e-11
1.984723256628181e-11
-2.1930705865887982e-11
2.4500117314390044e-11
-2.7774028658329007e-11
3.175439177846047e-11
-3.6665901533891454e-11
4.262167143616964e-11
-4.965532805914037e-11
5.814132143880557e-11
-6.807935597952976e-11
7.988104621405998e-11
-9.387556746558803e-11
1.1039531584970659e-10
-1.300314623081165e-10
1.5328054508330589e-10
-1.8074350398801937e-10
2.131694300922097e-10
-2.514359055380192e-10
2.96717833955986e-10
-3.5011488165858974e-10
4.132395749130175e-10
-4.87748353322643e-10
5.756419308897186e-10
-6.794291323554869e-10
8.018805172139321e-10
-9.464879433553378e-10
1.1172061684451844e-09
-1.3186838943603538e-09
1.5565891000271504e-09
-1.8373769870912179e-09
2.1688006314486397e-09
-2.559987571057145e-09
3.0217181033604254e-09
-3.5667220712925774e-09
4.21001535042291e-09
-4.969423652110102e-09
5.865748171360949e-09
-6.923781183602681e-09
8.172804646637414e-09
-9.647104450006111e-09
1.138719724925383e-08
-1.3441073544627009e-08
1.586551136003006e-08
-1.8727169655619595e-08
2.2104885810759663e-08
-2.6091729530077903e-08
3.079758373806429e-08
-3.6352197250722924e-08
4.290842044895708e-08
-5.0647161169649746e-08
5.978165253011633e-08
-7.056362701235054e-08
8.329035457452163e-08
-9.831238688055218e-08
1.1604382836869662e-07
-1.369732429937636e-07
1.616774434424048e-07
-1.908373242400044e-07
2.2525646935724826e-07
-2.658835311587544e-07
3.138381745546523e-07
-3.704418309216819e-07
4.372545604662275e-07
-5.161175066907422e-07
6.092040971738086e-07
-7.190798438611174e-07
8.487727819766798e-07
-1.0018569233463048e-06
1.182551340637408e-06
-1.3958355638738974e-06
1.647587891040756e-06
-1.944745559596366e-06
2.2954991618199212e-06
-2.7095135742552428e-06
3.1982006231709486e-06
-3.7750250077955728e-06
4.455887831356778e-06
-5.259546547348341e-06
6.208158438984363e-06
-7.3278530634214085e-06
8.649507115896469e-06
-1.020951704449345e-05
1.2050913230383198e-05
-1.4224388484727914e-05
1.6789918812359944e-05
-1.981809746300532e-05
2.339253495198202e-05
-2.76115157596609e-05
3.2591628516732976e-05
-3.846966817652173e-05
4.540827008282885e-05
-5.359774140306039e-05
6.326507427216121e-05
-7.467484556071896e-05
8.814411757241685e-05
-0.00010404036938443733
0.0001228069652126219
-0.00014495360364479086
0.00017110124411356132
-0.00020195543530379835
0.0002383878162048679
-0.00028137221908901836
0.0003321360144319098
-0.0003920176820189952
0.0004627531170856538
-0.0005461706246921684
0.0006447403354117599
-0.0007609366367196367
0.0008983040477498462
-0.001060144367345663
0.0012516019827310645
-0.001476985604271488
0.0017438753871819174
-0.0020576897173148075
0.00242981835223701
-0.0028666352524421086
0.0033856765531216694
-0.00399345543472001
0.004717767082191002
-0.005562904807102635
0.006574395552154084
-0.007748536718478886
0.009162556468528166
-0.010791614797963865
0.012771402153065534
-0.015027153979460566
0.017805361255497004
-0.02091954071410452
0.024831164111060296
-0.029110707458517376
0.03464522825502446
-0.04048396939433747
0.048371512461911625
-0.05624527213719577
0.06760630987430039
-0.07801739436754196
0.09463795155997101
-0.10792078110083389
0.1327902968661679
-0.1485380200417156
0.18697391252891934
-0.20236074627932543
0.2645614133117584
-0.2688814338092035
0.3765399605988984
-0.327042415414009
0.5388186948804128