#MPS simulation for XXZ spin-1 chain
#parameters in unit of Jxy(=1) 
#************************# 
#local mg
-0.6323782732356075
0.4508800952707909
-0.5101450190137535
0.43265534614661694
-0.4281105098383754
0.38310308697430506
-0.3644405494916203
0.33302454705325824
-0.31226495159294176
0.287876209838087
-0.2683891331393002
0.24838906833270433
-0.23102968417096995
0.21418940100698533
-0.19902442370251056
0.18466748226779706
-0.17152263329435063
0.15921124687199095
-0.14785385228126355
0.13726729786418268
-0.12746711505829322
0.11835153206172419
-0.1098994232443156
0.10204520235684089
-0.09475711313033407
0.08798741379332906
-0.0817033956847798
0.07586741771465788
-0.07044917876228418
0.06541764203110545
-0.060745854539045074
0.05640763056984082
-0.05237940585778677
0.04863883715220978
-0.0451654798190572
0.041940165508561916
-0.03894521705447174
0.036164146933078366
-0.03358169451830451
0.03118366038367665
-0.02895687917196907
0.026889114573023964
-0.02496901226032293
0.023186024470355525
-0.021530360033793387
0.01999292534245315
-0.0185652775843992
0.017239576277001584
-0.016008541382087852
0.014865412550424414
-0.013803912451041818
0.012818211921472514
-0.011902898190999671
0.011052944979530094
-0.010263684988015127
0.009530784198378136
-0.008850218103895208
0.008218249585719874
-0.007631408395434253
0.007086472095644003
-0.006580448358386134
0.00611055853981693
-0.00567422241040706
0.005269043998339339
-0.004892798416242272
0.004543419662640086
-0.004218989252905349
0.003917725714833957
-0.0036379747664051264
0.0033782002831922405
-0.0031369757964319588
0.002912976744596608
-0.002704973095750004
0.0025118227195280703
-0.0023324649610368306
0.0021659150156723467
-0.002011258253750184
0.0018676455555790205
-0.0017342882526767672
0.001610454039710341
-0.001495462980128023
0.0013886835885559385
-0.0012895296689666353
0.0011974566411790848
-0.0011119589717715143
0.0010325671575776188
-0.0009588452852421626
0.0008903885122756702
-0.0008268209511161888
0.0007677935361682908
-0.0007129821436617231
0.0006620857987572703
-0.0006148250225836441
0.0005709403036434536
-0.0005301906649777321
0.0004923523484233782
-0.0004572175791023351
0.0004245934301884035
-0.00039430075883378947
0.0003661732262103455
-0.00034005638141604354
0.00031580681497186643
-0.00029329137034287
0.0002723864134656335
-0.0002529771533350053
0.0002349570123880861
-0.00021822704042739042
0.00020269537193228073
-0.00018827672115787796
0.0001748919142239486
-0.0001624674539267846
0.00015093511658146078
-0.00014023157703546858
0.00013029806120629835
-0.0001210800234357056
0.00011252684666454537
-0.00010459156450776055
9.723060398672804e-05
-9.040354519623977e-05
8.407290036940535e-05
-7.820390729874747e-05
7.276433881310276e-05
-6.772432573719532e-05
6.30561927683224e-05
-5.873430699801736e-05
5.4734936483726024e-05
-5.1036120336497274e-05
4.7617548190760724e-05
-4.446044831573378e-05
4.1547484775568565e-05
-3.8862662103242555e-05
3.6391237751734205e-05
-3.411964081542603e-05
3.203539779149088e-05
-3.012706402430966e-05
2.8384160681283164e-05
-2.6797117410678332e-05
2.535721942641118e-05
-2.4056560212129935e-05
2.288799767481126e-05
-2.184511517404969e-05
2.0922186142334345e-05
-2.0114142664622467e-05
1.941654789420119e-05
-1.8825570991505976e-05
1.833796705071864e-05
-1.795105842303661e-05
1.7662720713117466e-05
-1.7471370625884664e-05
1.737595739905567e-05
-1.7375957167401263e-05
1.7471369805532333e-05
-1.7662719220598775e-05
1.7951056261574272e-05
-1.8337964303478245e-05
1.8825567715014956e-05
-1.9416544111012877e-05
2.0114138470834138e-05
-2.0922181328599597e-05
2.184510984912486e-05
-2.2887991723431288e-05
2.4056553615156364e-05
-2.5357212240727517e-05
2.6797109562126198e-05
-2.8384152168694567e-05
3.012705475022132e-05
-3.2035387637922786e-05
3.411962973646377e-05
-3.63912256637459e-05
3.886264889034218e-05
-4.154747058726436e-05
4.446043302922106e-05
-4.761753165371555e-05
5.1036102477102505e-05
-5.473491706645169e-05
5.873428595792254e-05
-6.305617003064824e-05
6.77243010179582e-05
-7.276431212471691e-05
7.820387859710658e-05
-8.407286954573009e-05
9.04035120433179e-05
-9.723056820278077e-05
0.00010459152611218716
-0.00011252680540394423
0.00012107997934714014
-0.00013029801419536436
0.00014023152690564042
-0.00015093506336787956
0.0001624673975807692
-0.00017489185461342426
0.0001882766582185029
-0.00020269530547168297
0.00021822697042170547
-0.00023495693879896872
0.0002529770763100746
-0.00027238633308274384
0.0002932912872308759
-0.000315806729344765
0.0003400562939871228
-0.00036617313709801476
0.0003943006693589626
-0.0004245933400858071
0.00045721749112541946
-0.0004923522611031801
0.0005301905835232758
-0.0005709402239216423
0.0006148249541266187
-0.0006620857319229839
0.0007129820956739379
-0.0007677934871071595
0.0008268209297592852
-0.0008903884835074963
0.0009588452920872382
-0.0010325671441020624
0.0011119590016845343
-0.001197456618351092
0.0012895297136868193
-0.0013886835612024692
0.0014954629516995205
-0.0016104539313324688
0.0017342882182937915
-0.0018676454989505213
0.0020112583497311387
-0.002165915090335258
0.002332465138719402
-0.0025118228227616326
0.0027049731639811284
-0.002912976729776048
0.003136975709023194
-0.0033782002201339
0.0036379745689688013
-0.003917725616077022
0.004218989013552814
-0.004543419526136746
0.004892798177359428
-0.005269043842193417
0.005674222185616216
-0.006110558359196169
0.006580448147523264
-0.007086471921456054
0.007631408235976103
-0.008218249461687083
0.008850218015238526
-0.009530784146985313
0.010263684977159073
-0.011052945007880309
0.01190289825862338
-0.012818212029447848
0.013803912594218922
-0.014865412733981464
0.016008541593913052
-0.017239576520968636
0.01856527786850851
-0.019992925652294307
0.021530360371446434
-0.023186024835211795
0.024969012640553737
-0.02688911496034726
0.028956879554410744
-0.0311836607464065
0.03358169487450199
-0.036164147249179435
0.03894521733617045
-0.041940165762467035
0.045165480055171674
-0.04863883734904357
0.05237940603817157
-0.05640763076158797
0.060745854757403316
-0.0654176422889614
0.07044917910363896
-0.07586741812421569
0.08170339617125176
-0.08798741433193803
0.09475711360825302
-0.10204520282233787
0.10989942357721993
-0.11835153230615823
0.12746711528864588
-0.1372672980771785
0.1478538525201374
-0.15921124713445128
0.17152263351712424
-0.1846674825036607
0.19902442399681539
-0.2141894012672636
0.23102968445059316
-0.2483890686765499
0.26838913349277127
-0.28787621017471754
0.31226495191929815
-0.333024547376579
0.3644405498018677
-0.3831030872359313
0.42811051006035855
-0.4326553462855298
0.5101450190848165
-0.45088009531810735
0.6323782732507299