#MPS simulation for XXZ spin-1 chain
#parameters in unit of Jxy(=1) 
#************************# 
#local mg
-0.49447728243072064
0.27518722667609624
-0.32313061912187807
0.207307727894182
-0.20836887224737674
0.14267661787854058
-0.13416145106400104
0.09565854133394679
-0.08651696996607315
0.06343411090918442
-0.055903816843033464
0.04182999088558087
-0.0361873942294296
0.027494192322366648
-0.02345889873792684
0.018034206528716203
-0.015225149949745777
0.011812552651743254
-0.009890354271191296
0.007729580857432765
-0.006429452062575013
0.005054137280885203
-0.004181984555301513
0.0033028931230032047
-0.0027213632233995862
0.002157513579391018
-0.0017715232761967292
0.0014088493931424158
-0.0011535400767587304
0.0009197249965248396
-0.0007513111826097384
0.0006002844758980188
-0.000489428563151618
0.0003917239155755177
-0.00031887896303380307
0.0002555884194513521
-0.00020778654979994077
0.00016674456737275043
-0.00013541107159707402
0.00010877287880453458
-8.825273271677749e-05
7.095047001488025e-05
-5.752189361498526e-05
4.6276618622988775e-05
-3.7494143223016574e-05
3.0181769293704786e-05
-2.4440762411515265e-05
1.968377921053451e-05
-1.593246784022379e-05
1.2836779120326605e-05
-1.0386419408490229e-05
8.37124498252189e-06
-6.7711318220320906e-06
5.458993738156516e-06
-4.414355993307681e-06
3.5598003084425316e-06
-2.8779432306329144e-06
2.3212975692587847e-06
-1.876309039436868e-06
1.513664134254044e-06
-1.2232990836281158e-06
9.870127390776469e-07
-7.975651057096187e-07
6.435929726165418e-07
-5.200008291247071e-07
4.196583706411736e-07
-3.3903595741192154e-07
2.736383145035815e-07
-2.2105017221315033e-07
1.7842491978647772e-07
-1.441248104535515e-07
1.1634057491952168e-07
-9.397001244049954e-08
7.585872954799022e-08
-6.126920001469721e-08
4.946274753453611e-08
-3.9948110185412915e-08
3.225134348192301e-08
-2.6046700359686184e-08
2.1029022789224282e-08
-1.6982922215486914e-08
1.3711702628673027e-08
-1.1073216159118564e-08
8.940456616139024e-09
-7.219916061343481e-09
5.829400167713727e-09
-4.7074378194080595e-09
3.800860323176353e-09
-3.069303752576542e-09
2.4782445177733086e-09
-2.0012429407446944e-09
1.6158969060591114e-09
-1.3048381787392595e-09
1.0536322767047716e-09
-8.507784039531923e-10
6.869806642813916e-10
-5.5467547403602e-10
4.4776864520360607e-10
-3.614755544258741e-10
2.918252039801582e-10
-2.356485958982456e-10
1.903272238303515e-10
-1.537239570031832e-10
1.2419999544744776e-10
-1.0027253156871402e-10
8.095317711047317e-11
-6.533917950572099e-11
5.271071657773069e-11
-4.2426087828489644e-11
3.407007554343139e-11
-2.7481113657551836e-11
2.2148147773425872e-11
-1.8004588614007776e-11
1.457540437649503e-11
-1.1813506725486928e-11
9.468000294667425e-12
-7.607967063176646e-12
6.178261146994954e-12
-4.9222535003750484e-12
3.996961382454694e-12
-3.2377752841301507e-12
2.6651161935684063e-12
-2.1851202533034427e-12
1.7849295482525453e-12
-1.485756869807852e-12
1.241482746339414e-12
-1.0421742512106017e-12
8.74360404784719e-13
-6.86524843133666e-13
4.987535744297366e-13
-3.147026564974025e-13
1.1571329480979628e-13
-5.1204568712888384e-14
-5.3049490763186085e-14
1.176795828236141e-13
-1.4705613253900828e-13
2.0647942851993564e-13
-1.0039005566238306e-13
7.333928134524003e-14
-9.048072506206626e-14
4.9366887094944074e-14
-8.535897605841977e-14
1.636550986201619e-13
-1.5086895648469528e-13
2.1601423710707025e-13
-1.902844188706046e-13
1.9577472358999268e-13
-2.2299899685392798e-13
1.6349024688757733e-13
-1.1779906352223451e-13
1.0716749680070774e-13
-3.48729881134412e-14
-8.841930274486168e-14
7.72654860763171e-14
-1.044408513125882e-13
5.874965786840505e-14
-2.525070963618291e-14
-4.4881141143534665e-15
4.936312840489097e-14
-4.3087632710191095e-14
4.7661750239001904e-14
-1.060728057128532e-13
1.729584998607651e-13
-1.471301373140868e-13
1.67054051921846e-13
-1.954505290841201e-13
1.8816084725549668e-13
-1.61629116173988e-13
1.3748544504356593e-13
-3.835900716903551e-14
7.35569043637406e-15
7.881386410384298e-14
-2.5605764886237935e-13
3.818567595529961e-13
-6.65174413004826e-13
1.0718675716357326e-12
-1.5150858819762274e-12
1.953209325890228e-12
-2.4051833366084447e-12
3.0751634591290903e-12
-3.908119812135544e-12
4.976479643888467e-12
-6.299032152938926e-12
7.819206784377518e-12
-9.800737826324203e-12
1.2061623178506263e-11
-1.4815858860773135e-11
1.8269797262239077e-11
-2.2550972396427454e-11
2.7908285429208784e-11
-3.4440207312212475e-11
4.2619215423240444e-11
-5.266465499254872e-11
6.523989450659614e-11
-8.084006965228584e-11
9.998459877869448e-11
-1.2392939717263429e-10
1.5365076632528368e-10
-1.9029298887188772e-10
2.3584806772507537e-10
-2.922106403380614e-10
3.6183326981192236e-10
-4.481463916210236e-10
5.549449315430171e-10
-6.873359166896721e-10
8.511542152069014e-10
-1.053997187939503e-09
1.3052429451931735e-09
-1.616221875861992e-09
2.001449831651562e-09
-2.478275142515284e-09
3.0692871217311325e-09
-3.800756896735474e-09
4.707216270955754e-09
-5.8290023187876916e-09
7.21950912989086e-09
-8.940006969006406e-09
1.1072695615242358e-08
-1.3711156261207798e-08
1.6982505000803e-08
-2.102856034834743e-08
2.60464655113239e-08
-3.225102570520338e-08
3.9948022583562563e-08
-4.946245391418515e-08
6.126930211293383e-08
-7.585838026804246e-08
9.397036922314371e-08
-1.1634022639651846e-07
1.441254897737898e-07
-1.784242677757165e-07
2.2105147453143581e-07
-2.736378251252234e-07
3.390383630577274e-07
-4.1965732967743703e-07
5.200044728738109e-07
-6.435914969248665e-07
7.975708337400585e-07
-9.870109773336735e-07
1.2233078579490445e-06
-1.5136625045363897e-06
1.8763215778913785e-06
-2.3212968455897954e-06
2.877959952693849e-06
-3.559801502701153e-06
4.414377173306138e-06
-5.4589971789623254e-06
6.771157738857746e-06
-8.371246483643905e-06
1.0386448365346958e-05
-1.2836770666950888e-05
1.5932493205686384e-05
-1.9683760665244854e-05
2.44407769521239e-05
-3.0181755099961133e-05
3.749414069287967e-05
-4.6276620542739984e-05
5.752186624309231e-05
-7.095047839908626e-05
8.825270324129413e-05
-0.0001087729054113371
0.00013541103808964724
-0.00016674460628635023
0.0002077865333773536
-0.00025558846177574905
0.0003188789957987351
-0.00039172400886648153
0.0004894286095869091
-0.0006002845635099195
0.0007513112420984616
-0.0009197250681628015
0.0011535400715766053
-0.0014088493994207764
0.0017715232498586174
-0.0021575136364114103
0.00272136334602718
-0.0033028932026939574
0.004181984727713205
-0.005054137325394436
0.006429452114992231
-0.007729580843913055
0.00989035414986839
-0.011812552514035596
0.015225149854577432
-0.018034206472718743
0.023458898733356173
-0.027494192261232196
0.036187394001111726
-0.04182999075924265
0.05590381673589859
-0.06343411078345677
0.08651696983369926
-0.09565854127628187
0.1341614511447161
-0.14267661784877939
0.20836887220245595
-0.2073077277674549
0.3231306190154624
-0.27518722660431966
0.4944772823843381