#MPS simulation for XXZ spin-1 chain
#parameters in unit of Jxy(=1) 
#************************# 
#local mg
-0.32793739935259175
0.12065947807881167
-0.17034501812268904
0.05382060692071555
-0.0848392424914875
0.01881941768953579
-0.04284196963389074
0.004046292749635357
-0.02247011442845362
-0.0013168357622895237
-0.012396131125376693
-0.002765946059181381
-0.007224049692408303
-0.0027526545294979028
-0.004434376674134846
-0.002292640993684937
-0.0028449064585792717
-0.0017738134374203952
-0.0018893336165616327
-0.0013240766950775242
-0.0012870938730536892
-0.0009703381418000701
-0.0008928412394849525
-0.0007044355572168319
-0.00062724653269443
-0.0005090898790702443
-0.00044458268321388787
-0.0003672550863011783
-0.0003171027573633993
-0.0002648607070132963
-0.00022721754604462045
-0.0001911186252539238
-0.0001633733274457081
-0.00013804090529125315
-0.00011778416291210837
-9.981899838300717e-05
-8.51003661806184e-05
-7.226814433617849e-05
-6.159666004036696e-05
-5.2384951505581884e-05
-4.4652067597887674e-05
-3.801610447885021e-05
-3.24125606392485e-05
-2.7618287213180992e-05
-2.3555776942670584e-05
-2.0084406657827464e-05
-1.7137253208620397e-05
-1.4619841836265323e-05
-1.2479090998203905e-05
-1.0651081801495895e-05
-9.094769089118722e-06
-7.765587660718006e-06
-6.6336542048283305e-06
-5.665784900272474e-06
-4.841749687246338e-06
-4.13656048930455e-06
-3.535603171218347e-06
-3.0216539519879874e-06
-2.5831259507405433e-06
-2.208045169017402e-06
-1.88807289240425e-06
-1.6142538875854343e-06
-1.3805403056731385e-06
-1.1804495566070543e-06
-1.0096572805919624e-06
-8.634068130098858e-07
-7.384998324611921e-07
-6.315674956045121e-07
-5.401849336261174e-07
-4.6196978352030545e-07
-3.950952318110934e-07
-3.3786271981615224e-07
-2.8891197440180657e-07
-2.470210209279332e-07
-2.1118600182044874e-07
-1.8052155936211264e-07
-1.5428951104575305e-07
-1.3184603092640576e-07
-1.1264896696484357e-07
-9.622845228305111e-08
-8.218630936035373e-08
-7.017908147100154e-08
-5.991417483776257e-08
-5.114026870392291e-08
-4.3642060791576874e-08
-3.7236092556825086e-08
-3.176347358097636e-08
-2.709023497482241e-08
-2.3099705996787986e-08
-1.9693520417620956e-08
-1.6786334309223932e-08
-1.4305564711119616e-08
-1.2189588863080582e-08
-1.0384381730559384e-08
-8.845497704242837e-09
-7.533149623304897e-09
-6.414780400801982e-09
-5.461370719859676e-09
-4.64942385114967e-09
-3.957072459449309e-09
-3.3682474090317562e-09
-2.8655582052557745e-09
-2.4387261332126324e-09
-2.074360927903838e-09
-1.764894840866036e-09
-1.5009307455310607e-09
-1.2767398383677261e-09
-1.0856764284539092e-09
-9.232167783972931e-10
-7.848934568509315e-10
-6.673981233445128e-10
-5.673784770959579e-10
-4.821770031212411e-10
-4.1011232596437913e-10
-3.4837419521028077e-10
-2.9618511643197066e-10
-2.518371580123913e-10
-2.138142358072696e-10
-1.8186031763564878e-10
-1.5430678080890135e-10
-1.3119918774924986e-10
-1.1149070118778898e-10
-9.480012866478169e-11
-8.037368123543029e-11
-6.855104760315283e-11
-5.788603447921361e-11
-4.957200520518753e-11
-4.1685137389233473e-11
-3.5831251786346013e-11
-3.002193293358444e-11
-2.5746628184509286e-11
-2.1773929482266362e-11
-1.8365169757950823e-11
-1.5816746376065748e-11
-1.3288893677275544e-11
-1.1261826400221545e-11
-9.587150284739644e-12
-8.031124774301256e-12
-6.7946850068807145e-12
-5.675758067604406e-12
-4.8433461630404124e-12
-3.957193542925973e-12
-3.34823621945374e-12
-2.682219910838408e-12
-2.2419968651670457e-12
-1.580219731246596e-12
-1.4355428539814927e-12
-7.661229537439621e-13
-6.192596916266083e-13
-1.3081478037081895e-13
7.403695359036312e-14
6.627374218687791e-13
8.04563048373849e-13
1.4458733306516668e-12
1.6365585450294063e-12
2.3622520409431267e-12
2.591895331600115e-12
3.4233607596943073e-12
4.0338244349723776e-12
4.723273869585904e-12
5.777004040193127e-12
6.683911567860536e-12
8.131441627378858e-12
9.382001878452765e-12
1.134701212801155e-11
1.3257717110945763e-11
1.561813327397811e-11
1.8474343162186306e-11
2.1727435885652703e-11
2.5584110044750198e-11
3.0307956066214883e-11
3.5432283228646377e-11
4.203507942271147e-11
4.92427620002737e-11
5.809115802720107e-11
6.826413705054087e-11
8.058322298075818e-11
9.462395657929352e-11
1.1152250504340582e-10
1.312154160200616e-10
1.5439084569271192e-10
1.817244029441453e-10
2.137031011940455e-10
2.5176404006989777e-10
2.9583924399643215e-10
3.4850533467905193e-10
4.0964604572362565e-10
4.822438136218335e-10
5.669819813414191e-10
6.671694991529477e-10
7.84506778192511e-10
9.227770828477742e-10
1.0851957124807234e-09
1.27603693432131e-09
1.5003582480550248e-09
1.7639233241203663e-09
2.07378969969845e-09
2.4373377225189266e-09
2.864729103217815e-09
3.366589267287032e-09
3.9555669571215016e-09
4.6475917057909155e-09
5.4592213856933e-09
6.412340901644572e-09
7.530302685533628e-09
8.842173921267565e-09
1.0380885369325933e-08
1.2185029536193249e-08
1.4300839114245276e-08
1.678068261702254e-08
1.9687049931903172e-08
2.309273059032164e-08
2.708198695379452e-08
3.175480536412259e-08
3.722557003885129e-08
4.3631082621859504e-08
5.11275231129498e-08
5.99005869865084e-08
7.016412124907981e-08
8.217012314100994e-08
9.621142767831516e-08
1.1263059087435964e-07
1.318276295245382e-07
1.542700789767034e-07
1.805036234930762e-07
2.1116753712177704e-07
2.4700744474416993e-07
2.888981000824836e-07
3.378601212220981e-07
3.950916013731853e-07
4.619898310707548e-07
5.401985564477056e-07
6.316292401281936e-07
7.385364354548433e-07
8.635367767462225e-07
1.0097130553354306e-06
1.1806688675059516e-06
1.3805961068776416e-06
1.6145282542681445e-06
1.8881628899824972e-06
2.2084122470318145e-06
2.5831851513577716e-06
3.0219393464387263e-06
3.535433121451163e-06
4.136763746789276e-06
4.8410043102555546e-06
5.6657053654379555e-06
6.6328627267806765e-06
7.765587057922564e-06
9.094468069263205e-06
1.0650895109091438e-05
1.2478545678998972e-05
1.4619736972742701e-05
1.7136403969545766e-05
2.0084689495126832e-05
2.3554819098770346e-05
2.7617619797370226e-05
3.241154077900715e-05
3.801571689451574e-05
4.465134080136705e-05
5.238485030886105e-05
6.159547039691715e-05
7.22681734118353e-05
8.510002864237675e-05
9.981827925364237e-05
0.00011778375496399989
0.00013804091851665228
0.00016337309791079465
0.0001911186974267602
0.00022721785550830023
0.0002648610357481983
0.00031710370758899846
0.00036725515956392564
0.00044458248523577507
0.0005090910554321888
0.0006272464153956533
0.0007044360970247846
0.0008928420715935343
0.0009703375576583321
0.0012870941943855306
0.001324076906045956
0.0018893341485060053
0.0017738133736050466
0.0028449075343039113
0.002292640526209395
0.004434377072027758
0.002752654485033948
0.007224049527424874
0.0027659460159095077
0.012396131171327728
0.0013168356481157986
0.02247011475316183
-0.004046292679570194
0.04284196977919259
-0.01881941772389497
0.08483924299766561
-0.053820607045139295
0.17034501923743403
-0.12065947865047964
0.32793740147010014