#MPS simulation for XXZ spin-1 chain
#parameters in unit of Jxy(=1) 
#************************# 
#local mg
-0.6817970823935062
0.5234667964723082
-0.5919114285960675
0.5374820286877018
-0.5406987118283891
0.5122177415840827
-0.5012595316667406
0.48140841085027913
-0.4675195501213585
0.45127501616404775
-0.4373605709921108
0.42305142646996985
-0.40985363671303965
0.39684327805057323
-0.38450255575920883
0.3725042471439166
-0.36099603799751506
0.3498534829151632
-0.339114864916475
0.3287267133451749
-0.3186922411283843
0.30898393294642806
-0.2995945007543875
0.29050663628562035
-0.2817105586635175
0.2731934676651727
-0.26494558567236987
0.2569564444127317
-0.24921695300447522
0.2417180707331381
-0.2344515024437275
0.227409211407118
-0.22058364197097516
0.21396753259079215
-0.20755397730222314
0.20133634821673888
-0.1953083045181289
0.1894637543921638
-0.18379685040738436
0.17830196605164528
-0.17297368733342214
0.16780679879358154
-0.16279627237701652
0.1579372591677337
-0.1532250784976826
0.148655210857258
-0.14422329047721708
0.13992509799555974
-0.13575655444731616
0.13171371514787736
-0.12779276408904652
0.1239900091385968
-0.12030187667777678
0.11672490785024263
-0.11325575332041733
0.10989117025088892
-0.10662801789179316
0.10346325377690095
-0.1003939313374813
0.09741719504700899
-0.09453027900406093
0.09173050273029583
-0.08901526870817643
0.08638205988660387
-0.08382843662337991
0.08135203483991758
-0.07895056277788712
0.07662179953728303
-0.07436359234475419
0.07217385417083397
-0.0700505629070409
0.06799175743951828
-0.0659955378102642
0.06406006166322206
-0.06218354343874331
0.060364252768416
-0.05860051145520534
0.05689069419092342
-0.05523322445773749
0.0536265750789328
-0.05206926573711679
0.050559861481088285
-0.04909697225165284
0.047679250467117656
-0.04630539058491379
0.0449741275087887
-0.04368423557428945
0.042434527193520775
-0.041223851972636685
0.040051095439668644
-0.038915178237268686
0.03781505479178477
-0.036749712665623574
0.03571817153659617
-0.034719482103688984
0.03375272549622333
-0.03281701210268846
0.03191148099956192
-0.031035299065402477
0.030187660173495195
-0.0293677845308933
0.0285749178372489
-0.027808330782781023
0.027067318056512614
-0.026351198040369804
0.025659312043619736
-0.02499102354106066
0.024345718005251198
-0.023722801712373922
0.02312170169889568
-0.022541865171596082
0.021982758708994705
-0.02144386814887752
0.020924697777750564
-0.02042477010978947
0.019943625459363266
-0.019480821017972806
0.01903593136829517
-0.018608547316340228
0.01819827571352049
-0.017804739339064037
0.017427576192434183
-0.017066439461114948
0.016720996884962883
-0.01639093088627382
0.01607593784121714
-0.015775728091985033
0.01549002566422156
-0.015218567525555615
0.014961104260183466
-0.014717399064973383
0.014487227739641334
-0.01427037871292994
0.014066652492145495
-0.013875861779098568
0.013697830983585013
-0.013532396498992455
0.013379406112965236
-0.013238719161206832
0.013110206380447615
-0.012993749302848233
0.012889241062101034
-0.012796585521942688
0.012715697398528939
-0.012646502410476839
0.012588936855268601
-0.01254294785045443
0.012508492971680682
-0.012485540650853008
0.012474069707338309
-0.012474069623409972
0.012485540516015508
-0.012508492651116405
0.012542947366979354
-0.012588936321284687
0.012646501732488987
-0.012715696645029865
0.012796584623778638
-0.012889240111574158
0.012993748185552812
-0.01311020507213373
0.01323871779581974
-0.01337940457165078
0.013532394898323141
-0.013697829185761158
0.013875859807907618
-0.014066650456227807
0.014270376522669999
-0.014487225454300933
0.014717396625152493
-0.014961101743773604
0.015218564829254114
-0.015490022763486976
0.01577572510789704
-0.01607593469225661
0.016390927557799643
-0.016720993407022853
0.017066435916677287
-0.017427572490575114
0.01780473549684115
-0.018198271773228497
0.018608543185532306
-0.019035927144509485
0.019480816675017967
-0.019943620967497393
0.02042476558717768
-0.020924693135771177
0.021443863357186944
-0.021982753818556754
0.022541860113562805
-0.023121696579259318
0.02372279642107636
-0.024345712561690613
0.024991018010722236
-0.025659306241292333
0.02635119217044392
-0.02706731204714866
0.02780832464424638
-0.02857491166175353
0.0293677782522954
-0.030187653837033843
0.031035292641176885
-0.03191147451230731
0.032817005524845365
-0.03375271885344894
0.03471947539282727
-0.035718164762393104
0.0367497058116444
-0.03781504780261373
0.03891517119940423
-0.040051088326945365
0.04122384485824257
-0.04243452007104162
0.043684228388498704
-0.04497412030926969
0.04630538331910592
-0.047679243163455814
0.049096964919068446
-0.05055985415604603
0.05206925829432187
-0.05362656760075908
0.05523321693434579
-0.05689068646086914
0.058600503882514046
-0.060364244926459434
0.062183535697956205
-0.06406005393687345
0.06599552993563652
-0.06799174966410328
0.07005055500570369
-0.07217384639682699
0.0743635844411689
-0.07662179180556253
0.07895055509720372
-0.08135202727241159
0.08382842922745944
-0.0863820526656235
0.08901526177392147
-0.091730496037829
0.09453027259045843
-0.09741718888762631
0.10039392529163854
-0.10346324814312735
0.10662801238487356
-0.10989116516021989
0.11325574846437295
-0.11672490327895917
0.12030187232285419
-0.12399000499818436
0.12779276026072683
-0.13171371133878582
0.13575655113024562
-0.13992509460176364
0.14422328728917216
-0.14865520805696802
0.15322507599782895
-0.1579372571238415
0.1627962707077391
-0.16780679713617852
0.17297368602282542
-0.17830196478935922
0.18379684945542432
-0.18946375376549152
0.1953083039561263
-0.2013363478886478
0.2075539772352305
-0.21396753270263558
0.2205836423947404
-0.22740921195033342
0.23445150319515426
-0.24171807183059046
0.24921695453282894
-0.2569564463661678
0.2649455879784051
-0.2731934703129545
0.28171056164822905
-0.2905066396283129
0.29959450439117036
-0.3089839368641328
0.318692245162342
-0.32872671749165233
0.33911486913232214
-0.3498534872147792
0.36099604237634664
-0.3725042514751959
0.3845025600452631
-0.39684328226038523
0.40985364070740454
-0.4230514302995286
0.4373605744976496
-0.4512750194148857
0.467519553058355
-0.48140841349687497
0.5012595339203153
-0.5122177435220371
0.5406987133818344
-0.5374820299294393
0.5919114294405028
-0.5234667970653464
0.6817970826898939