#MPS simulation for XXZ spin-1 chain
#parameters in unit of Jxy(=1) 
#************************# 
#local mg
-0.760054978909648
0.6425352246283191
-0.7213583871254664
0.7014842724513458
-0.7160260013920416
0.7116956123050179
-0.7143530850757289
0.7130391710672124
-0.7132588534812273
0.7126394834799983
-0.7123982457687724
0.7120041647629982
-0.7117290233386623
0.7114488091967457
-0.7112221190362827
0.7110170959874131
-0.7108441774205574
0.7106932493230746
-0.7105643370335745
0.7104530090693332
-0.7103574837358535
0.7102751932780688
-0.7102044109528781
0.7101434167956052
-0.71009085173053
0.7100454980313865
-0.7100063418707773
0.7099725039987403
-0.7099432393352888
0.7099179077836665
-0.709895963204547
0.7098769372664975
-0.7098604289824475
0.7098460942421617
-0.7098336376936115
0.7098228054860494
-0.7098133792779602
0.7098051710684312
-0.7097980188385649
0.7097917828290272
-0.7097863423725858
0.7097815931962006
-0.7097774451156884
0.7097738200681822
-0.709770650428129
0.7097678775646108
-0.7097654506064432
0.7097633253865373
-0.7097614635268339
0.7097598316578352
-0.7097584007481075
0.7097571455144166
-0.7097560439439846
0.7097550768476969
-0.7097542274812367
0.7097534812335602
-0.7097528253497348
0.709752248687021
-0.7097517415068847
0.7097512952868453
-0.7097509025673817
0.7097505568303234
-0.7097502523638
0.7097499841614537
-0.7097497478351876
0.7097495395384003
-0.7097493558957176
0.7097491939463195
-0.7097490510902493
0.7097489250448049
-0.7097488138043139
0.709748715606368
-0.7097486289015262
0.7097485523272097
-0.709748484684845
0.7097484249196474
-0.7097483721031477
0.7097483254178754
-0.7097482841437945
0.7097482476465032
-0.709748215367036
0.7097481868126148
-0.709748161548792
0.7097481391923788
-0.7097481194053137
0.7097481018893437
-0.709748086381228
0.7097480726485247
-0.7097480604860419
0.7097480497126397
-0.7097480401682315
0.7097480317113041
-0.7097480242168729
0.7097480175744626
-0.7097480116863775
0.709748006466324
-0.7097480018378841
0.7097479977333748
-0.709747994093068
0.70974799086414
-0.709747987999727
0.7097479854583528
-0.7097479832033584
0.7097479812022093
-0.7097479794261025
0.7097479778496575
-0.7097479764503369
0.7097479752079403
-0.7097479741047789
0.7097479731252213
-0.7097479722553339
0.7097479714827529
-0.709747970796531
0.709747970186974
-0.709747969645473
0.7097479691644516
-0.7097479687370908
0.7097479683573316
-0.7097479680198823
0.7097479677200569
-0.7097479674535855
0.7097479672167494
-0.7097479670062847
0.7097479668192502
-0.7097479666530571
0.7097479665053771
-0.7097479663741887
0.7097479662575789
-0.7097479661539875
0.7097479660620474
-0.7097479659803954
0.7097479659079217
-0.7097479658436786
0.7097479657867963
-0.7097479657364091
0.7097479656919513
-0.7097479656527496
0.7097479656182011
-0.7097479655879078
0.7097479655613594
-0.7097479655382329
0.7097479655182409
-0.7097479655011262
0.7097479654866335
-0.7097479654745469
0.7097479654647636
-0.7097479654571095
0.7097479654514541
-0.7097479654476851
0.7097479654458347
-0.7097479654458523
0.7097479654477516
-0.7097479654515052
0.7097479654571288
-0.7097479654647957
0.7097479654745705
-0.7097479654866263
0.70974796550111
-0.7097479655181261
0.7097479655380753
-0.7097479655611917
0.7097479655877234
-0.709747965618084
0.7097479656526691
-0.70974796569196
0.7097479657364251
-0.7097479657867206
0.709747965843617
-0.7097479659078316
0.7097479659802148
-0.7097479660618198
0.709747966153735
-0.7097479662572056
0.7097479663736942
-0.709747966504854
0.7097479666525152
-0.7097479668186697
0.7097479670056237
-0.7097479672160134
0.7097479674528074
-0.709747967719286
0.7097479680190986
-0.7097479683565101
0.7097479687362273
-0.7097479691635797
0.7097479696445481
-0.7097479701858611
0.7097479707952421
-0.709747971481315
0.7097479722537153
-0.7097479731233958
0.709747974102712
-0.7097479752055706
0.7097479764477104
-0.7097479778468049
0.7097479794229372
-0.7097479811986351
0.7097479831993625
-0.7097479854538941
0.7097479879947495
-0.709747990858606
0.7097479940868948
-0.7097479977264323
0.709748001830096
-0.7097480064577437
0.7097480116768776
-0.7097480175637404
0.7097480242048875
-0.7097480316980158
0.7097480401534106
-0.7097480496961797
0.7097480604677372
-0.7097480726281646
0.7097480863587131
-0.709748101864516
0.709748119377944
-0.7097481391622829
0.7097481615157565
-0.7097481867763077
0.7097482153272334
-0.7097482476030398
0.7097482840964563
-0.7097483253664605
0.7097483720474124
-0.7097484248595359
0.7097484846202834
-0.7097485522581273
0.7097486288280146
-0.7097487155286715
0.7097488137227643
-0.7097489249598726
0.7097490510026192
-0.7097491938566574
0.7097493558050212
-0.7097495394473264
0.7097497477448708
-0.7097499840721284
0.7097502522759945
-0.7097505567437128
0.7097509024806263
-0.7097512951999654
0.7097517414256623
-0.7097522486107251
0.7097528252737327
-0.7097534811556151
0.7097542274007289
-0.7097550767654197
0.7097560438594378
-0.7097571454233945
0.7097584006517801
-0.7097598315632199
0.7097614634348586
-0.7097633252976502
0.7097654505213751
-0.7097678774815672
0.7097706503486094
-0.7097738199906578
0.7097774450365371
-0.7097815931176826
0.7097863422960745
-0.7097917827578553
0.7097980187743745
-0.7098051710076811
0.7098133792168589
-0.7098228054228194
0.7098336376274835
-0.7098460941744049
0.7098604289154724
-0.7098769372027235
0.7098959631445432
-0.7099179077268847
0.7099432392805114
-0.7099725039495915
0.710006341827654
-0.7100454979935483
0.7100908516977649
-0.7101434167687233
0.7102044109322591
-0.7102751932657
0.7103574837369919
-0.7104530090816639
0.7105643370466262
-0.7106932493302389
0.7108441774230433
-0.711017095992088
0.7112221190400744
-0.7114488092011634
0.7117290233485962
-0.712004164776967
0.7123982457832955
-0.7126394834957012
0.7132588534966222
-0.7130391710789172
0.7143530850857598
-0.7116956123125799
0.7160260013990389
-0.701484272458169
0.7213583871301102
-0.6425352246317924
0.7600549789125804