#MPS simulation for XXZ spin-1 chain
#parameters in unit of Jxy(=1) 
#************************# 
#local mg
-0.9261169570760933
0.8916828329855868
-0.930047223033775
0.9310101092469205
-0.933168962482104
0.9334053730270752
-0.9335487806743914
0.9335763263892747
-0.9335874929919803
0.9335903175644347
-0.9335912972834304
0.9335915799618069
-0.9335916727327096
0.9335917012054883
-0.9335917104112827
0.9335917133233209
-0.9335917142647954
0.933591714567534
-0.9335917146658685
0.9335917146978073
-0.9335917147082539
0.9335917147116722
-0.933591714712798
0.9335917147131728
-0.9335917147132835
0.9335917147133155
-0.9335917147133324
0.9335917147133326
-0.9335917147133376
0.9335917147133408
-0.9335917147133401
0.9335917147133458
-0.9335917147133398
0.9335917147133472
-0.9335917147133498
0.9335917147133495
-0.9335917147133529
0.9335917147133519
-0.933591714713342
0.9335917147133388
-0.9335917147133431
0.933591714713345
-0.9335917147133427
0.9335917147133418
-0.9335917147133403
0.9335917147133401
-0.9335917147133436
0.9335917147133453
-0.933591714713342
0.9335917147133393
-0.9335917147133356
0.933591714713336
-0.9335917147133362
0.9335917147133396
-0.9335917147133409
0.9335917147133406
-0.9335917147133435
0.9335917147133408
-0.9335917147133351
0.9335917147133412
-0.9335917147133428
0.9335917147133544
-0.9335917147133496
0.9335917147133521
-0.9335917147133568
0.9335917147133516
-0.9335917147133426
0.9335917147133402
-0.9335917147133391
0.93359171471334
-0.933591714713342
0.9335917147133459
-0.9335917147133438
0.9335917147133513
-0.933591714713349
0.9335917147133491
-0.9335917147133452
0.9335917147133441
-0.9335917147133451
0.93359171471335
-0.9335917147133467
0.9335917147133393
-0.9335917147133455
0.9335917147133586
-0.9335917147133513
0.9335917147133456
-0.9335917147133449
0.933591714713348
-0.933591714713347
0.9335917147133445
-0.9335917147133408
0.9335917147133441
-0.9335917147133451
0.9335917147133429
-0.9335917147133429
0.9335917147133415
-0.9335917147133369
0.9335917147133406
-0.9335917147133407
0.9335917147133443
-0.9335917147133458
0.9335917147133499
-0.9335917147133457
0.933591714713341
-0.9335917147133399
0.933591714713344
-0.9335917147133425
0.9335917147133418
-0.9335917147133422
0.9335917147133409
-0.9335917147133451
0.9335917147133488
-0.9335917147133395
0.9335917147133402
-0.9335917147133395
0.9335917147133438
-0.933591714713344
0.9335917147133439
-0.9335917147133385
0.9335917147133431
-0.9335917147133423
0.9335917147133427
-0.9335917147133371
0.9335917147133382
-0.9335917147133366
0.9335917147133432
-0.9335917147133447
0.9335917147133469
-0.9335917147133463
0.933591714713343
-0.9335917147133489
0.933591714713351
-0.9335917147133492
0.9335917147133459
-0.9335917147133408
0.9335917147133412
-0.9335917147133461
0.9335917147133498
-0.9335917147133469
0.9335917147133399
-0.9335917147133431
0.9335917147133479
-0.933591714713344
0.933591714713344
-0.9335917147133409
0.9335917147133447
-0.933591714713346
0.9335917147133443
-0.9335917147133453
0.9335917147133462
-0.9335917147133405
0.9335917147133449
-0.9335917147133455
0.9335917147133436
-0.9335917147133429
0.9335917147133402
-0.9335917147133395
0.9335917147133421
-0.933591714713336
0.9335917147133411
-0.9335917147133448
0.9335917147133522
-0.9335917147133511
0.9335917147133496
-0.9335917147133462
0.9335917147133459
-0.9335917147133421
0.933591714713343
-0.9335917147133446
0.9335917147133433
-0.9335917147133426
0.9335917147133411
-0.9335917147133407
0.9335917147133456
-0.9335917147133408
0.9335917147133407
-0.933591714713342
0.9335917147133448
-0.9335917147133447
0.9335917147133418
-0.9335917147133427
0.9335917147133425
-0.9335917147133365
0.9335917147133402
-0.9335917147133413
0.9335917147133469
-0.9335917147133445
0.9335917147133455
-0.9335917147133416
0.9335917147133403
-0.9335917147133435
0.9335917147133456
-0.9335917147133472
0.9335917147133502
-0.9335917147133501
0.9335917147133542
-0.9335917147133491
0.9335917147133537
-0.9335917147133472
0.9335917147133501
-0.9335917147133527
0.9335917147133507
-0.9335917147133451
0.9335917147133415
-0.9335917147133376
0.9335917147133472
-0.933591714713344
0.9335917147133487
-0.9335917147133524
0.9335917147133544
-0.9335917147133534
0.933591714713356
-0.9335917147133478
0.933591714713343
-0.933591714713336
0.9335917147133345
-0.9335917147133371
0.9335917147133321
-0.9335917147133282
0.9335917147133417
-0.9335917147133452
0.9335917147133433
-0.9335917147133437
0.9335917147133428
-0.9335917147133387
0.9335917147133469
-0.9335917147133459
0.9335917147133453
-0.9335917147133399
0.93359171471334
-0.9335917147133417
0.9335917147133426
-0.9335917147133459
0.9335917147133491
-0.9335917147133406
0.9335917147133391
-0.9335917147133506
0.9335917147133538
-0.9335917147133423
0.9335917147133423
-0.933591714713343
0.9335917147133457
-0.9335917147133467
0.9335917147133475
-0.9335917147133481
0.933591714713344
-0.9335917147133451
0.9335917147133491
-0.9335917147133478
0.9335917147133491
-0.9335917147133412
0.9335917147133381
-0.9335917147133426
0.9335917147133415
-0.9335917147133362
0.9335917147133349
-0.9335917147133344
0.9335917147133395
-0.9335917147133382
0.9335917147133446
-0.933591714713343
0.9335917147133419
-0.933591714713348
0.933591714713347
-0.9335917147133409
0.9335917147133406
-0.9335917147133402
0.9335917147133482
-0.9335917147133413
0.9335917147133401
-0.9335917147133398
0.9335917147133461
-0.9335917147133453
0.9335917147133346
-0.9335917147133229
0.9335917147132865
-0.9335917147131678
0.9335917147127955
-0.9335917147116695
0.9335917147082446
-0.9335917146978071
0.9335917146658673
-0.9335917145675321
0.9335917142647863
-0.9335917133233115
0.9335917104112879
-0.9335917012054957
0.9335916727327086
-0.9335915799618024
0.9335912972834266
-0.933590317564435
0.933587492991991
-0.9335763263892968
0.9335487806744066
-0.9334053730270795
0.9331689624820928
-0.9310101092469173
0.9300472230337747
-0.8916828329855864
0.9261169570760934