#MPS simulation for XXZ spin-1 chain
#parameters in unit of Jxy(=1) 
#************************# 
#local mg
-0.9168172839146069
0.8778660248085611
-0.9203983081017827
0.9213537306633212
-0.9241401163676614
0.9244612135811667
-0.9246796163956451
0.9247250305499344
-0.9247453263431279
0.9247509510587489
-0.9247530956325498
0.9247537769558075
-0.9247540229817299
0.9247541062864097
-0.9247541359700109
0.9247541463385137
-0.9247541500379842
0.9247541513523752
-0.9247541518240096
0.9247541519933825
-0.9247541520545505
0.924754152076683
-0.9247541520847239
0.9247541520876524
-0.9247541520887315
0.9247541520891102
-0.9247541520892444
0.9247541520893013
-0.9247541520893219
0.9247541520893369
-0.9247541520893459
0.9247541520893426
-0.9247541520893463
0.9247541520893455
-0.9247541520893523
0.9247541520893521
-0.9247541520893534
0.9247541520893436
-0.9247541520893523
0.9247541520893469
-0.9247541520893406
0.924754152089342
-0.9247541520893472
0.9247541520893459
-0.9247541520893517
0.9247541520893466
-0.9247541520893501
0.9247541520893441
-0.9247541520893452
0.924754152089343
-0.924754152089349
0.9247541520893483
-0.9247541520893494
0.9247541520893462
-0.9247541520893545
0.9247541520893539
-0.9247541520893543
0.9247541520893465
-0.924754152089345
0.9247541520893472
-0.9247541520893495
0.9247541520893497
-0.9247541520893481
0.9247541520893394
-0.9247541520893449
0.9247541520893494
-0.9247541520893529
0.9247541520893514
-0.9247541520893537
0.9247541520893457
-0.9247541520893449
0.9247541520893441
-0.9247541520893497
0.9247541520893551
-0.9247541520893537
0.9247541520893396
-0.9247541520893426
0.9247541520893419
-0.9247541520893436
0.9247541520893462
-0.9247541520893532
0.9247541520893502
-0.9247541520893552
0.9247541520893473
-0.9247541520893476
0.9247541520893413
-0.9247541520893439
0.9247541520893476
-0.9247541520893484
0.9247541520893449
-0.9247541520893464
0.9247541520893416
-0.9247541520893442
0.9247541520893445
-0.9247541520893502
0.924754152089342
-0.9247541520893456
0.9247541520893445
-0.9247541520893539
0.9247541520893438
-0.9247541520893449
0.9247541520893469
-0.9247541520893462
0.9247541520893343
-0.9247541520893329
0.9247541520893344
-0.9247541520893404
0.9247541520893543
-0.9247541520893541
0.9247541520893487
-0.924754152089356
0.9247541520893491
-0.9247541520893561
0.9247541520893501
-0.9247541520893536
0.9247541520893573
-0.9247541520893547
0.9247541520893389
-0.9247541520893461
0.9247541520893446
-0.9247541520893446
0.9247541520893446
-0.9247541520893439
0.9247541520893414
-0.9247541520893495
0.9247541520893496
-0.9247541520893481
0.9247541520893403
-0.9247541520893434
0.9247541520893378
-0.9247541520893414
0.9247541520893383
-0.924754152089344
0.9247541520893474
-0.9247541520893519
0.9247541520893505
-0.9247541520893492
0.9247541520893466
-0.9247541520893494
0.9247541520893473
-0.9247541520893482
0.9247541520893509
-0.9247541520893514
0.9247541520893457
-0.9247541520893504
0.9247541520893462
-0.9247541520893452
0.9247541520893372
-0.9247541520893414
0.9247541520893443
-0.9247541520893494
0.9247541520893537
-0.9247541520893555
0.9247541520893529
-0.9247541520893615
0.9247541520893506
-0.9247541520893487
0.9247541520893462
-0.924754152089353
0.9247541520893546
-0.9247541520893633
0.9247541520893509
-0.9247541520893563
0.9247541520893405
-0.9247541520893404
0.9247541520893406
-0.92475415208934
0.9247541520893325
-0.9247541520893442
0.9247541520893482
-0.924754152089351
0.9247541520893539
-0.9247541520893574
0.9247541520893512
-0.9247541520893453
0.9247541520893416
-0.9247541520893418
0.9247541520893359
-0.9247541520893467
0.9247541520893517
-0.9247541520893479
0.9247541520893481
-0.9247541520893562
0.9247541520893541
-0.9247541520893524
0.9247541520893475
-0.9247541520893542
0.9247541520893486
-0.9247541520893486
0.9247541520893406
-0.924754152089345
0.9247541520893504
-0.9247541520893497
0.9247541520893459
-0.9247541520893441
0.9247541520893386
-0.9247541520893429
0.9247541520893492
-0.9247541520893556
0.9247541520893479
-0.9247541520893481
0.9247541520893422
-0.9247541520893486
0.9247541520893473
-0.9247541520893463
0.9247541520893447
-0.9247541520893445
0.9247541520893401
-0.924754152089342
0.9247541520893442
-0.924754152089342
0.9247541520893463
-0.92475415208935
0.9247541520893494
-0.9247541520893597
0.9247541520893527
-0.9247541520893515
0.9247541520893455
-0.9247541520893464
0.9247541520893403
-0.9247541520893483
0.9247541520893428
-0.9247541520893482
0.9247541520893443
-0.9247541520893433
0.9247541520893471
-0.9247541520893557
0.9247541520893474
-0.9247541520893507
0.9247541520893434
-0.9247541520893412
0.9247541520893355
-0.9247541520893394
0.9247541520893435
-0.9247541520893491
0.9247541520893453
-0.9247541520893491
0.9247541520893431
-0.9247541520893457
0.9247541520893401
-0.9247541520893455
0.9247541520893423
-0.9247541520893485
0.9247541520893363
-0.9247541520893391
0.924754152089341
-0.9247541520893413
0.9247541520893424
-0.9247541520893484
0.9247541520893447
-0.924754152089351
0.9247541520893661
-0.9247541520893638
0.9247541520893446
-0.9247541520893556
0.9247541520893514
-0.9247541520893561
0.9247541520893546
-0.9247541520893531
0.9247541520893511
-0.9247541520893467
0.9247541520893402
-0.9247541520893385
0.9247541520893381
-0.9247541520893472
0.9247541520893477
-0.9247541520893469
0.9247541520893504
-0.9247541520893567
0.9247541520893523
-0.9247541520893494
0.9247541520893404
-0.9247541520893232
0.9247541520892599
-0.9247541520891206
0.9247541520887324
-0.9247541520876631
0.9247541520847384
-0.9247541520767004
0.9247541520545552
-0.9247541519933957
0.924754151824023
-0.9247541513523819
0.9247541500379852
-0.9247541463385158
0.9247541359700041
-0.9247541062864054
0.9247540229817361
-0.9247537769558187
0.9247530956325358
-0.9247509510587425
0.9247453263431288
-0.924725030549944
0.924679616395651
-0.9244612135811677
0.9241401163676661
-0.9213537306633287
0.9203983081017859
-0.877866024808578
0.9168172839146029