#MPS simulation for XXZ spin-1 chain
#parameters in unit of Jxy(=1) 
#************************# 
#local mg
-0.8645555937961431
0.7997439673921578
-0.8618580619103609
0.8609098766927953
-0.8683120383576961
0.8691260412338269
-0.8702315167668003
0.870513675874257
-0.8707180942995804
0.8707953855831345
-0.8708402609811475
0.8708607175486099
-0.8708717532484223
0.8708772371445781
-0.8708801453550749
0.8708816510402376
-0.870882451259138
0.870882874663244
-0.8708831013656368
0.8708832229293703
-0.8708832885389535
0.8708833240524363
-0.8708833433576372
0.8708833538830412
-0.8708833596400705
0.8708833627973254
-0.8708833645333137
0.8708833654900549
-0.8708833660184807
0.8708833663109257
-0.8708833664730846
0.8708833665631532
-0.8708833666132588
0.8708833666411729
-0.8708833666567402
0.8708833666654474
-0.8708833666703024
0.8708833666730207
-0.8708833666745658
0.8708833666754311
-0.8708833666759108
0.8708833666761726
-0.8708833666763273
0.8708833666764131
-0.870883366676454
0.8708833666764774
-0.8708833666765002
0.8708833666765194
-0.8708833666765327
0.8708833666765371
-0.8708833666765293
0.8708833666765118
-0.870883366676516
0.8708833666765274
-0.8708833666765236
0.8708833666765413
-0.8708833666765334
0.8708833666765141
-0.870883366676512
0.8708833666765076
-0.8708833666765137
0.870883366676521
-0.8708833666765231
0.8708833666765361
-0.8708833666765458
0.8708833666765488
-0.8708833666765523
0.8708833666765657
-0.87088336667655
0.8708833666765379
-0.8708833666765446
0.8708833666765571
-0.8708833666765589
0.8708833666765687
-0.8708833666765741
0.8708833666765629
-0.8708833666765343
0.8708833666765252
-0.8708833666765233
0.8708833666765201
-0.8708833666765154
0.8708833666765287
-0.8708833666765229
0.8708833666765089
-0.870883366676497
0.8708833666765033
-0.8708833666765164
0.8708833666765324
-0.8708833666765357
0.8708833666765305
-0.8708833666765351
0.8708833666765436
-0.8708833666765412
0.870883366676536
-0.8708833666765482
0.8708833666765363
-0.8708833666765354
0.8708833666765352
-0.8708833666765408
0.870883366676554
-0.8708833666765532
0.8708833666765444
-0.8708833666765328
0.8708833666765334
-0.8708833666765364
0.870883366676532
-0.8708833666765436
0.8708833666765593
-0.8708833666765513
0.8708833666765506
-0.8708833666765452
0.8708833666765388
-0.8708833666765378
0.8708833666765282
-0.8708833666765107
0.8708833666765237
-0.8708833666765495
0.8708833666765518
-0.8708833666765665
0.87088336667657
-0.8708833666765665
0.8708833666765389
-0.8708833666765277
0.8708833666765509
-0.870883366676546
0.8708833666765444
-0.8708833666765314
0.870883366676534
-0.870883366676547
0.8708833666765539
-0.8708833666765405
0.8708833666765168
-0.870883366676527
0.870883366676522
-0.8708833666765186
0.8708833666765352
-0.870883366676552
0.870883366676553
-0.8708833666765491
0.8708833666765344
-0.8708833666765166
0.8708833666765091
-0.8708833666764987
0.8708833666764986
-0.8708833666765022
0.8708833666765065
-0.8708833666765197
0.8708833666765097
-0.8708833666765112
0.8708833666765147
-0.8708833666765177
0.8708833666765127
-0.8708833666765106
0.8708833666765023
-0.8708833666765137
0.8708833666765174
-0.870883366676527
0.8708833666765281
-0.8708833666765342
0.8708833666765342
-0.8708833666765384
0.8708833666765216
-0.8708833666765197
0.8708833666765042
-0.8708833666765042
0.8708833666765157
-0.8708833666765241
0.8708833666765277
-0.8708833666765217
0.870883366676521
-0.8708833666765202
0.870883366676518
-0.8708833666765223
0.8708833666765048
-0.8708833666765101
0.8708833666765231
-0.8708833666765133
0.8708833666765242
-0.8708833666765365
0.8708833666765373
-0.8708833666765236
0.87088336667652
-0.870883366676514
0.8708833666765091
-0.8708833666765043
0.8708833666765012
-0.8708833666765115
0.8708833666765061
-0.8708833666765141
0.8708833666765161
-0.8708833666765281
0.870883366676519
-0.8708833666765202
0.8708833666765268
-0.8708833666765163
0.8708833666765124
-0.87088336667653
0.8708833666765449
-0.8708833666765553
0.8708833666765415
-0.8708833666765425
0.8708833666765302
-0.8708833666765206
0.870883366676516
-0.8708833666765006
0.8708833666765017
-0.870883366676516
0.8708833666765089
-0.8708833666765121
0.8708833666765351
-0.870883366676532
0.870883366676521
-0.8708833666765201
0.870883366676512
-0.8708833666765032
0.8708833666765116
-0.8708833666765211
0.8708833666765239
-0.8708833666765424
0.8708833666765227
-0.870883366676508
0.8708833666765045
-0.8708833666765186
0.8708833666765345
-0.8708833666765334
0.8708833666765198
-0.8708833666765075
0.8708833666765047
-0.8708833666765229
0.8708833666765385
-0.870883366676537
0.8708833666765118
-0.8708833666765196
0.8708833666765248
-0.870883366676511
0.8708833666764991
-0.8708833666765082
0.8708833666765211
-0.8708833666765238
0.8708833666765217
-0.8708833666765271
0.870883366676525
-0.8708833666765233
0.870883366676524
-0.8708833666765415
0.8708833666765289
-0.8708833666765166
0.8708833666765234
-0.870883366676515
0.8708833666765201
-0.8708833666765113
0.8708833666765127
-0.8708833666765099
0.8708833666764911
-0.8708833666764737
0.8708833666764477
-0.8708833666764061
0.8708833666763206
-0.8708833666761807
0.8708833666759175
-0.870883366675433
0.8708833666745646
-0.8708833666730388
0.8708833666703052
-0.8708833666654459
0.8708833666567409
-0.8708833666411516
0.8708833666132342
-0.8708833665631259
0.8708833664730552
-0.8708833663108952
0.8708833660184423
-0.8708833654900255
0.8708833645332841
-0.8708833627972978
0.8708833596400523
-0.8708833538830327
0.8708833433576214
-0.8708833240524358
0.8708832885389515
-0.8708832229293738
0.8708831013656405
-0.8708828746632443
0.870882451259142
-0.8708816510402352
0.8708801453550664
-0.8708772371445687
0.8708717532483895
-0.8708607175485665
0.8708402609811182
-0.8707953855831412
0.870718094299587
-0.8705136758742547
0.8702315167667909
-0.8691260412338301
0.8683120383577065
-0.8609098766928038
0.861858061910346
-0.79974396739214
0.8645555937960898