#MPS simulation for XXZ spin-1 chain
#parameters in unit of Jxy(=1) 
#************************# 
#local mg
-0.5846762886458822
0.3853643241982266
-0.4384166923879737
0.34328308788379736
-0.33661824947591623
0.2808303147832056
-0.26140857829744396
0.22466210054593777
-0.20431140766512965
0.17824799446415612
-0.16025593889103124
0.14091740468522984
-0.12594704002096965
0.11121653477264219
-0.09909014218241312
0.08770147321217577
-0.0780065882840678
0.0691280525906144
-0.061429231434475484
0.054475455667824274
-0.04838361715304088
0.042923282087371284
-0.03811236785756496
0.03381856233264366
-0.030023296733379373
0.026644088644061845
-0.023651832926332484
0.020991207033948755
-0.018632842592046835
0.016537459951768644
-0.014679048105788002
0.01302858643756782
-0.011564296224404826
0.010264177465533403
-0.009110494800669385
0.008086304213368476
-0.007177373468451416
0.00637052859484187
-0.005654439959588097
0.005018807751019184
-0.0044546534091025845
0.003953898142275164
-0.003509444656281795
0.0031149443686882858
-0.002764795191695838
0.002454002809754353
-0.0021781489948919353
0.0019333023735855152
-0.0017159800400377465
0.0015230862389032224
-0.0013518761194076401
0.0011999114404210435
-0.0010650293357926531
0.0009453092072438237
-0.0008390469242244996
0.0007447295361848096
-0.0006610144175129113
0.0005867096983449448
-0.0005207575993232609
0.0004622191716775765
-0.00041026106346860546
0.0003641435670083199
-0.00032321014731517985
0.0002868780557488111
-0.0002546300602848537
0.00022600706490138255
-0.00020060158447777479
0.00017805193663748814
-0.00015803709776717742
0.000140272128995272
-0.00012450412260318216
0.00011050859962302412
-9.808631502660831e-05
8.70604209550983e-05
-7.727394892002164e-05
6.858757532470954e-05
-6.087763804985796e-05
5.403437580416664e-05
-4.7960365556020284e-05
4.256913559429947e-05
-3.7783934623484434e-05
3.3536638708876416e-05
-2.9766781782192866e-05
2.6420695007551484e-05
-2.3450742354967392e-05
2.0814642456828237e-05
-1.8474867004353612e-05
1.6398106141918437e-05
-1.4554794464730808e-05
1.29186898489586e-05
-1.1466500107752047e-05
1.0177551501328384e-05
-9.033494012856247e-06
8.018040395164661e-06
-7.116734473090317e-06
6.316744716736211e-06
-5.606682167785511e-06
4.976438338090786e-06
-4.417040824299878e-06
3.920525810593464e-06
-3.4798247001089707e-06
3.0886635460055886e-06
-2.7414736147804067e-06
2.4333121808249197e-06
-2.159792261417439e-06
1.9170199597376523e-06
-1.7015388940290352e-06
1.5102815682933904e-06
-1.3405250346150523e-06
1.1898526453643928e-06
-1.0561193285227112e-06
9.374211648277148e-07
-8.320686129524593e-07
7.385617182249768e-07
-6.555691130934192e-07
5.819093840705268e-07
-5.165340613252693e-07
4.5851226921500276e-07
-4.070179799471244e-07
3.6131814466063853e-07
-3.207621703865406e-07
2.847726802656346e-07
-2.5283735252359226e-07
2.245015117616902e-07
-1.9936163215076035e-07
1.7705993297553575e-07
-1.572788633402175e-07
1.397369505113772e-07
-1.2418444084768858e-07
1.1039977689172962e-07
-9.818684825401203e-08
8.737180284553363e-08
-7.780064659638069e-08
6.933711267417015e-08
-6.186067715994802e-08
5.5264832541862115e-08
-4.9455814652420024e-08
4.4350945655701363e-08
-3.9877482299529487e-08
3.59717095258501e-08
-3.257800323065878e-08
2.9648197163255077e-08
-2.714049626547891e-08
2.5019133869914427e-08
-2.3253926920309354e-08
2.181972420711894e-08
-2.069616436541631e-08
1.986713290630579e-08
-1.9320812055380633e-08
1.9049559260391762e-08
-1.9049526387753832e-08
1.9320692074732512e-08
-1.986686764298649e-08
2.0695713758368926e-08
-2.1819357781429173e-08
2.3253601215415397e-08
-2.5018749132911007e-08
2.7140100931246762e-08
-2.9647809745642985e-08
3.25776661460453e-08
-3.597128560792705e-08
3.98770089899963e-08
-4.435044906479149e-08
4.945525195451116e-08
-5.526416897097246e-08
6.185993820382953e-08
-6.933639261682245e-08
7.780011756583565e-08
-8.73714386022001e-08
9.818674136180727e-08
-1.1039986949136009e-07
1.2418461752489624e-07
-1.39737341147934e-07
1.5727926149116133e-07
-1.770603214620049e-07
1.9936198277938564e-07
-2.2450177708600433e-07
2.528376414294421e-07
-2.84773029409657e-07
3.2076258137621526e-07
-3.613185780685195e-07
4.0701852976693646e-07
-4.585129749059845e-07
5.16534840401366e-07
-5.819102094616015e-07
6.555700033297861e-07
-7.385625455861759e-07
8.320694483615933e-07
-9.374220494805571e-07
1.0561200898281234e-06
-1.1898533637622866e-06
1.3405258937465883e-06
-1.51028258837716e-06
1.7015399868645385e-06
-1.91702107395082e-06
2.1597934274594735e-06
-2.433313404599035e-06
2.74147482183704e-06
-3.0886646785619167e-06
3.479825796286232e-06
-3.920526890024186e-06
4.41704191628578e-06
-4.97643955062461e-06
5.606683399417945e-06
-6.316745872129038e-06
7.116735623739052e-06
-8.018041619035946e-06
9.033495129422093e-06
-1.0177552538061997e-05
1.1466501106924071e-05
-1.2918690768047496e-05
1.4554795314756526e-05
-1.6398106978056596e-05
1.847486771599469e-05
-2.0814642989606838e-05
2.3450742764058962e-05
-2.6420695414818674e-05
2.976678217085689e-05
-3.353663908035429e-05
3.7783935167129885e-05
-4.256913620274881e-05
4.796036617787474e-05
-5.403437632036346e-05
6.087763842031979e-05
-6.858757549551454e-05
7.727394894949502e-05
-8.706042089621375e-05
9.808631482649168e-05
-0.00011050859930312777
0.0001245041223492784
-0.00014027212871490377
0.00015803709729783445
-0.00017805193629682542
0.0002006015841968763
-0.00022600706469612985
0.0002546300602167109
-0.00028687805562786214
0.0003232101473861953
-0.0003641435672824598
0.00041026106383562167
-0.00046221917232350956
0.0005207576003161576
-0.0005867096995660765
0.0006610144189323413
-0.0007447295378588313
0.0008390469261008509
-0.0009453092093989786
0.0010650293381018639
-0.0011999114429975157
0.0013518761224745209
-0.001523086242449691
0.0017159800440202189
-0.0019333023780137885
0.0021781489997999325
-0.002454002815155438
0.0027647951975114317
-0.0031149443753859746
0.0035094446635075506
-0.003953898150685829
0.0044546534177911205
-0.005018807761368832
0.005654439969684975
-0.006370528607602351
0.007177373479935066
-0.008086304229015318
0.009110494812234854
-0.010264177484342172
0.011564296233913446
-0.013028586460506347
0.014679048109373972
-0.01653745997988566
0.01863284258182121
-0.020991207068174138
0.023651832890924804
-0.026644088684578595
0.03002329666336861
-0.03381856237525966
0.038112367766812934
-0.042923282107354584
0.048383617197957106
-0.05447545576989024
0.06142923139658134
-0.06912805266307166
0.07800658823254267
-0.08770147305174744
0.09909014221874447
-0.11121653463422945
0.1259470400495933
-0.1409174047141247
0.16025593901152374
-0.17824799446246833
0.20431140764958428
-0.22466210052099103
0.26140857832227826
-0.28083031468622793
0.3366182494421484
-0.34328308788636297
0.43841669242628256
-0.3853643241813711
0.5846762886601947