#MPS simulation for XXZ spin-1 chain
#parameters in unit of Jxy(=1) 
#************************# 
#local mg
-0.28876765393609793
0.09338554829279656
-0.14308511123855744
0.032449159720935775
-0.06917708552843932
0.0050928751335255155
-0.035132046129482834
-0.004253680750300202
-0.019325557137930476
-0.006344316028042207
-0.01158794044156638
-0.0059341389942586965
-0.007488363122885241
-0.004870125733427639
-0.005116263747781592
-0.003795433923840656
-0.003629033331512071
-0.0028935691408847023
-0.0026364838690027944
-0.002186596896462823
-0.0019446022586696449
-0.0016479290607554244
-0.0014483723252275065
-0.0012422030091871425
-0.0010859094163454689
-0.0009377458144260451
-0.0008179965451801822
-0.0007092982634988393
-0.0006183789907233016
-0.000537615561270881
-0.00046879915521513886
-0.0004083066717934158
-0.00035623507129762286
-0.00031068048929714276
-0.0002712410883065922
-0.00023680138156852992
-0.00020688514152984996
-0.00018077280378659845
-0.00015804028144336378
-0.000138197493468515
-0.00012089363622529919
-0.00010578467105188487
-9.2592169560188e-05
-8.10695004472997e-05
-7.099605857921297e-05
-6.219437833637408e-05
-5.449244931491237e-05
-4.7760516312056975e-05
-4.186451392866138e-05
-3.6709428141149375e-05
-3.219024242008486e-05
-2.8238093704599388e-05
-2.4770633962993265e-05
-2.173800506614073e-05
-1.9075435194580276e-05
-1.6744972981768005e-05
-1.4699040803709908e-05
-1.2907727607541368e-05
-1.1333426627272394e-05
-9.954677218714876e-06
-8.743571629874033e-06
-7.681227498933987e-06
-6.7485825981736035e-06
-5.929678257248435e-06
-5.210906555000239e-06
-4.579253662791295e-06
-4.025187891186204e-06
-3.537923130061102e-06
-3.1102035049098086e-06
-2.7341021893903615e-06
-2.403514380062721e-06
-2.1132940046551847e-06
-1.8577080236105443e-06
-1.6336223673005907e-06
-1.4358745586743953e-06
-1.2626300732200627e-06
-1.1099678146583357e-06
-9.759267521715524e-07
-8.579899668662935e-07
-7.543195208330591e-07
-6.63161402932872e-07
-5.829813957153269e-07
-5.12489394034298e-07
-4.504717691683188e-07
-3.95950995542185e-07
-3.479822626489541e-07
-3.0580755258992454e-07
-2.6870869215379053e-07
-2.3608836930757138e-07
-2.0739997737803558e-07
-1.8217650411837093e-07
-1.599978158974658e-07
-1.4050146703835013e-07
-1.233621101122469e-07
-1.0829929534395203e-07
-9.506122171895311e-08
-8.34298298282035e-08
-7.321059704779806e-08
-6.423408467933329e-08
-5.635019685992295e-08
-4.9427009285321575e-08
-4.3348303512801534e-08
-3.801224555755103e-08
-3.3328305363291055e-08
-2.9218162203827966e-08
-2.5611105885399848e-08
-2.2447006705767278e-08
-1.9671203651543172e-08
-1.7236885247554055e-08
-1.5101771198522998e-08
-1.3229955182388468e-08
-1.1588796811865138e-08
-1.0150080967280511e-08
-8.88935035546762e-09
-7.784178430256423e-09
-6.815839453716446e-09
-5.9676180682052195e-09
-5.223987724925863e-09
-4.573201613033197e-09
-4.002622278228801e-09
-3.503182620957359e-09
-3.0656519607693703e-09
-2.6823893130383025e-09
-2.3470172834675423e-09
-2.053109317485275e-09
-1.795894188119047e-09
-1.5706396049662714e-09
-1.3733134330737224e-09
-1.2007575472776973e-09
-1.049219145265188e-09
-9.168582386451738e-10
-8.00394937905022e-10
-6.9894599860477e-10
-6.092729586822606e-10
-5.31189432992164e-10
-4.620670950050485e-10
-4.016903879157844e-10
-3.4837813119177136e-10
-3.011325252947817e-10
-2.59714589228375e-10
-2.2239431213211434e-10
-1.8951739919375986e-10
-1.5991036261508153e-10
-1.331378276607124e-10
-1.0873304272633084e-10
-8.653928139362903e-11
-6.55988778424816e-11
-4.611143216113045e-11
-2.7186804115980417e-11
-9.12529573823696e-12
9.251196753008502e-12
2.7298261114269156e-11
4.6249659057024085e-11
6.575789254951654e-11
8.650026424694666e-11
1.0903214388671491e-10
1.332184588465821e-10
1.6004564512269655e-10
1.8959539068410213e-10
2.2262497627257988e-10
2.5978943620440357e-10
3.012355087206826e-10
3.486239849801657e-10
4.017716894736462e-10
4.6273190453221636e-10
5.312069771400645e-10
6.099650140429921e-10
6.991454607356308e-10
8.010979984954683e-10
9.173380102702342e-10
1.0499584149863143e-09
1.2014979711190561e-09
1.3743283225270919e-09
1.571665011175731e-09
1.7972563630216998e-09
2.0545119394808616e-09
2.3484809669805936e-09
2.684305466565694e-09
3.0676637755683555e-09
3.505572450329424e-09
4.005247612549371e-09
4.576279977480418e-09
5.2275864373309475e-09
5.971638864489679e-09
6.820377633835154e-09
7.789480064866103e-09
8.895057070730698e-09
1.0157039073739398e-08
1.1596325420025687e-08
1.323883847839467e-08
1.5111618383383014e-08
1.7248070243843288e-08
1.9683960967312694e-08
2.2461290986448226e-08
2.5627522044824748e-08
2.923651736860332e-08
3.334911285283115e-08
3.803577457965649e-08
4.337476604579678e-08
4.945673788705699e-08
5.638361799392736e-08
6.427148473151986e-08
7.32525153104816e-08
8.347639837943065e-08
9.51134775310176e-08
1.0835696326987703e-07
1.2342700078558125e-07
1.4057258759550035e-07
1.6007738403476745e-07
1.8226367857888073e-07
2.0749735013510485e-07
2.3619438084792697e-07
2.688277573334586e-07
3.059353150176758e-07
3.4812846235117045e-07
3.9610304805047845e-07
4.506509430161671e-07
5.126720768289549e-07
5.831934128705993e-07
6.633788858562454e-07
7.54560562096475e-07
8.58245921356921e-07
9.761537118485154e-07
1.1102495885670266e-06
1.262727244479471e-06
1.436200223051991e-06
1.6334011330658374e-06
1.857901574209679e-06
2.113095911050862e-06
2.4036709471649128e-06
2.7340711921710116e-06
3.1101414664850233e-06
3.538159936383536e-06
4.024972241259402e-06
4.57979902381593e-06
5.210878706949808e-06
5.93003063459096e-06
6.748559610385105e-06
7.681455495900609e-06
8.743726835329319e-06
9.954577610821322e-06
1.1334168464670418e-05
1.290682424511879e-05
1.4699769962786565e-05
1.6744273822758258e-05
1.907683117547195e-05
2.1736176934816245e-05
2.4772578247464755e-05
2.8237000688602866e-05
3.2191492289069803e-05
3.670821919273244e-05
4.1866332573447936e-05
4.775944145201978e-05
5.449453378861234e-05
6.219345407607561e-05
7.099738314473265e-05
8.106892249184985e-05
9.259268548075146e-05
0.00010578589150769706
0.00012089306124717802
0.00013819928819867687
0.00015803926435009553
0.00018077589890876135
0.00020688264566276143
0.00023680298369909374
0.00027124006023936326
0.0003106802400818658
0.00035623377798325265
0.00040830586593474457
0.00046879875110224093
0.0005376145994357442
0.0006183787795077014
0.000709298139026166
0.0008179965285272828
0.000937745806092021
0.0010859095034793658
0.0012422030409946939
0.0014483723716740254
0.0016479290864962626
0.0019446022629275835
0.002186596890393783
0.002636483820903251
0.0028935691090980807
0.0036290331983725886
0.0037954339109469793
0.005116263393210456
0.004870126192181317
0.00748836265572733
0.005934139258151499
0.011587939998037223
0.006344316105658332
0.019325556414801562
0.004253680294760177
0.03513204566714716
-0.005092875131794758
0.06917708455735505
-0.03244915956913266
0.1430851096353095
-0.09338554736154113
0.28876765076738387