#MPS simulation for XXZ spin-1 chain
#parameters in unit of Jxy(=1) 
#************************# 
#local mg
-0.40927174103097796
0.18824264943452015
-0.23653543673745772
0.11487747131977287
-0.1310299746463151
0.06333486379350406
-0.07173153535822682
0.03371728600022476
-0.0391824745776798
0.017605574468066425
-0.021435806727462505
0.009055570863118707
-0.011766430789056606
0.00458835342570879
-0.006487621302055361
0.002284113650813348
-0.003595958033020477
0.001111064597126989
-0.0020050688917026185
0.0005230458135921922
-0.0011253749414527718
0.00023411333638563957
-0.0006361546921908579
9.601785387660187e-05
-0.00036236267097676517
3.2682542332919665e-05
-0.00020807544069941262
5.535963554018356e-06
-0.00012048575205139664
-4.685089002395384e-06
-7.036821508558063e-05
-7.403818714064677e-06
-4.145495511701248e-05
-7.100123930068692e-06
-2.46323643401722e-05
-5.812357447903943e-06
-1.4759768286414567e-05
-4.402441566580927e-06
-8.915790636438828e-06
-3.1861345206380176e-06
-5.426674954141322e-06
-2.2386663881252464e-06
-3.3268686198124143e-06
-1.5412113476932439e-06
-2.0529794916550774e-06
-1.0456393622750473e-06
-1.2742864667357498e-06
-7.018758365702272e-07
-7.950771048534279e-07
-4.6728081200654494e-07
-4.983033344495749e-07
-3.0917263848434836e-07
-3.1350498591573825e-07
-2.0356475912051424e-07
-1.9783342046512473e-07
-1.3349715651114452e-07
-1.2521766224992032e-07
-8.719799480846692e-08
-7.938673206344327e-08
-5.678504537435983e-08
-5.040416843341139e-08
-3.689278676908977e-08
-3.202283424487684e-08
-2.392881684805809e-08
-2.0339495935760357e-08
-1.550556665889177e-08
-1.2902218813914148e-08
-1.0047014946646583e-08
-8.163638618881248e-09
-6.51805237875505e-09
-5.1429048867368814e-09
-4.241777636837957e-09
-3.216959291302422e-09
-2.776632703944311e-09
-1.9891560167480398e-09
-1.835122380382894e-09
-1.2069210824199171e-09
-1.2311987055527005e-09
-7.08732389910243e-10
-8.443628618870129e-10
-3.915943262611199e-10
-5.970637355782863e-10
-1.8983006640910924e-10
-4.390097493976766e-10
-6.14150504664791e-11
-3.3840900912759004e-10
2.0222157124251763e-11
-2.7413067796829345e-10
7.203194360801068e-11
-2.3327577032882396e-10
1.0485731029554248e-10
-2.072046378723063e-10
1.2576314441378758e-10
-1.9076247280545782e-10
1.3916115691370167e-10
-1.8043130472094875e-10
1.477006137398751e-10
-1.73862108383586e-10
1.5323366798871423e-10
-1.6984906290581212e-10
1.567808641488532e-10
-1.6731138478095092e-10
1.590670401813915e-10
-1.6571500735584797e-10
1.6041243268556902e-10
-1.646496277809797e-10
1.6124721678995628e-10
-1.6395324135702376e-10
1.6180116955852134e-10
-1.63516704660388e-10
1.6210499760016203e-10
-1.6311903165722882e-10
1.622880873207458e-10
-1.6296311666689683e-10
1.6242164468417017e-10
-1.628339371052204e-10
1.6245978729111245e-10
-1.627046516992171e-10
1.6252767596146045e-10
-1.627707895653536e-10
1.6260034774274932e-10
-1.6262321668611504e-10
1.6246146183865625e-10
-1.6239130540147926e-10
1.6230251524309456e-10
-1.62320289054173e-10
1.6231703173413066e-10
-1.6237838507985855e-10
1.6248828404699067e-10
-1.6256053874138238e-10
1.6258606918984868e-10
-1.6265367849521987e-10
1.6263286300267788e-10
-1.625598386868206e-10
1.625545222122887e-10
-1.6259277020430533e-10
1.6258281430242975e-10
-1.6259654234415984e-10
1.626076094764357e-10
-1.6261543168151525e-10
1.6269507529825305e-10
-1.6280173271500922e-10
1.6286611851802147e-10
-1.6293544720430686e-10
1.6294833217804534e-10
-1.6289620578012735e-10
1.6285608611371192e-10
-1.6286989118079226e-10
1.629791790653036e-10
-1.6296478316158772e-10
1.6290135968022592e-10
-1.6285642481549332e-10
1.6284669931937805e-10
-1.6284829129597514e-10
1.6292944152894877e-10
-1.6280955482211187e-10
1.6282035941164118e-10
-1.6279550552487048e-10
1.6279683318877096e-10
-1.6280077625141548e-10
1.6280797951085117e-10
-1.628585367359804e-10
1.6292153955310624e-10
-1.6290005694596557e-10
1.6289391752665964e-10
-1.6282340792561363e-10
1.6275666322369167e-10
-1.6276336202556736e-10
1.627118816945969e-10
-1.626529408863574e-10
1.6264704285949276e-10
-1.6260379676953334e-10
1.6257795758597945e-10
-1.625410440432191e-10
1.6254992078384553e-10
-1.6246060907222673e-10
1.6256194710372728e-10
-1.6250331097306375e-10
1.6265683482486058e-10
-1.6254906638247962e-10
1.6269829772016785e-10
-1.6255754047741205e-10
1.6277201649109255e-10
-1.6255323227798534e-10
1.6289507405487445e-10
-1.624534738701142e-10
1.6292018369124615e-10
-1.6219655780241453e-10
1.6297213325439181e-10
-1.6181936528347436e-10
1.6311819386957216e-10
-1.6144628807493013e-10
1.6357089337738844e-10
-1.6084368692070326e-10
1.6413217219380766e-10
-1.5984254575386884e-10
1.651470828108331e-10
-1.5840012797608555e-10
1.6673749054138694e-10
-1.5628162637724554e-10
1.6960503466027915e-10
-1.5299774390462213e-10
1.7391646798197393e-10
-1.4760648223747926e-10
1.804954948092299e-10
-1.3902813954542643e-10
1.909402639808621e-10
-1.2570510554690642e-10
2.0766279834906464e-10
-1.0483415657566273e-10
2.339384205735948e-10
-7.192143644514034e-11
2.751977719917011e-10
-1.985906624132409e-11
3.396922916015594e-10
6.219126341147276e-11
4.406845586111632e-10
1.913560740408453e-10
5.99037739864448e-10
3.944548464423987e-10
8.471176448997995e-10
7.132538559476918e-10
1.2352683388952573e-09
1.2137307830624295e-09
1.84126524602836e-09
1.999499010158829e-09
2.785463215562065e-09
3.23255705967771e-09
4.2542544578724454e-09
5.166406516216248e-09
6.534621479414301e-09
8.19912929764032e-09
1.0067631062025698e-08
1.2955345645218192e-08
1.5528221850531752e-08
2.041817091102387e-08
2.3947193271423954e-08
3.213806998605381e-08
3.6893372152852863e-08
5.056780623008728e-08
5.6743188308460614e-08
7.960353612474733e-08
8.708172156817217e-08
1.2546367479317295e-07
1.3329003114573086e-07
1.9813125123589936e-07
2.0335346321960313e-07
3.137067029686707e-07
3.089808174357509e-07
4.983650745977327e-07
4.6725621508679774e-07
7.948950643814346e-07
7.020092192244256e-07
1.273889228909197e-06
1.0460194125784584e-06
2.052385889582981e-06
1.5416802427150463e-06
3.3262910935873005e-06
2.239104562981177e-06
5.42635891110384e-06
3.18640888246954e-06
8.915418010663947e-06
4.402746195156942e-06
1.4759763900929909e-05
5.812328473333283e-06
2.4632423013666112e-05
7.099790180507319e-06
4.145527700449178e-05
7.403530795958423e-06
7.036855395378578e-05
4.6847504773632995e-06
0.00012048612005568418
-5.53599066148904e-06
0.0002080756660213232
-3.26829412008625e-05
0.00036236239086075535
-9.601776464262587e-05
0.0006361544777611711
-0.00023411423185254517
0.0011253756075873611
-0.000523045015966266
0.0020050682677389907
-0.0011110644307126324
0.003595958188302303
-0.0022841138455577696
0.006487621536254828
-0.004588353650767391
0.011766430952700089
-0.009055571032891684
0.021435806849721996
-0.017605574562313157
0.039182474597407625
-0.03371728603477463
0.07173153537120387
-0.0633348638134243
0.13102997464241875
-0.11487747133333791
0.23653543674414543
-0.18824264947300595
0.40927174108683445