#MPS simulation for XXZ spin-1 chain
#parameters in unit of Jxy(=1) 
#************************# 
#local mg
-0.9114776676937153
0.86991883941921
-0.9147570817946762
0.9156723583904974
-0.9188521099143028
0.9192263579217154
-0.9194980206226229
0.919556743081672
-0.9195844232871808
0.9195924588159065
-0.9195956816152279
0.9195967576851932
-0.9195971663926166
0.919597312037043
-0.9195973666541163
0.9195973867446944
-0.9195973942929565
0.9195973971181808
-0.9195973981861265
0.919597398590272
-0.919597398744058
0.919597398802723
-0.9195973988251861
0.9195973988337959
-0.91959739883712
0.9195973988383861
-0.9195973988388825
0.9195973988390789
-0.9195973988391535
0.9195973988391793
-0.9195973988391984
0.9195973988392068
-0.9195973988392084
0.9195973988391996
-0.9195973988391954
0.9195973988391911
-0.9195973988391957
0.9195973988391968
-0.9195973988391924
0.9195973988391961
-0.919597398839201
0.9195973988392065
-0.9195973988391984
0.9195973988391941
-0.9195973988391977
0.919597398839205
-0.9195973988392047
0.9195973988392014
-0.9195973988391946
0.9195973988391966
-0.9195973988391978
0.9195973988391998
-0.919597398839204
0.9195973988392048
-0.919597398839209
0.9195973988392138
-0.9195973988392109
0.9195973988392004
-0.9195973988391903
0.9195973988391971
-0.9195973988392032
0.9195973988392001
-0.9195973988391909
0.9195973988391956
-0.9195973988392013
0.9195973988391963
-0.9195973988391862
0.9195973988391962
-0.9195973988392003
0.9195973988392059
-0.9195973988392053
0.9195973988391987
-0.9195973988392044
0.9195973988392007
-0.9195973988391943
0.9195973988391883
-0.919597398839197
0.9195973988391937
-0.9195973988391902
0.9195973988391869
-0.9195973988391882
0.9195973988392009
-0.9195973988392037
0.9195973988391999
-0.9195973988391967
0.9195973988391967
-0.9195973988392016
0.9195973988392135
-0.9195973988392053
0.9195973988391994
-0.9195973988392018
0.919597398839203
-0.9195973988391983
0.9195973988391951
-0.9195973988392018
0.9195973988392061
-0.9195973988391988
0.9195973988391982
-0.9195973988391963
0.9195973988391991
-0.9195973988391941
0.9195973988391857
-0.9195973988391943
0.9195973988391993
-0.9195973988391978
0.9195973988392054
-0.9195973988392042
0.9195973988392082
-0.9195973988392121
0.9195973988392017
-0.9195973988391957
0.9195973988392006
-0.919597398839197
0.9195973988391875
-0.9195973988391973
0.9195973988392059
-0.9195973988392059
0.919597398839213
-0.9195973988392104
0.9195973988392108
-0.9195973988392099
0.919597398839207
-0.9195973988392065
0.9195973988392071
-0.9195973988392045
0.9195973988391993
-0.9195973988392026
0.9195973988392037
-0.9195973988391958
0.9195973988391948
-0.9195973988392055
0.919597398839204
-0.9195973988391999
0.9195973988392006
-0.9195973988391952
0.9195973988392026
-0.9195973988391991
0.9195973988391846
-0.9195973988391848
0.9195973988391978
-0.9195973988391981
0.9195973988391943
-0.9195973988392012
0.9195973988392032
-0.9195973988391966
0.919597398839197
-0.9195973988391958
0.9195973988391956
-0.9195973988391914
0.9195973988391906
-0.9195973988391913
0.9195973988391934
-0.9195973988391909
0.9195973988391876
-0.9195973988391917
0.9195973988391919
-0.919597398839191
0.9195973988391973
-0.9195973988392008
0.9195973988391879
-0.9195973988391821
0.9195973988391919
-0.9195973988391958
0.9195973988392038
-0.9195973988392001
0.9195973988391979
-0.9195973988391924
0.9195973988391826
-0.9195973988391992
0.9195973988392036
-0.9195973988392013
0.9195973988392014
-0.919597398839199
0.9195973988392053
-0.9195973988391997
0.919597398839194
-0.9195973988391946
0.9195973988391963
-0.9195973988391908
0.9195973988391922
-0.9195973988391958
0.9195973988392
-0.919597398839204
0.9195973988392036
-0.9195973988391984
0.9195973988391943
-0.919597398839179
0.9195973988391822
-0.9195973988391833
0.9195973988391835
-0.9195973988391899
0.9195973988391961
-0.9195973988391969
0.9195973988391964
-0.9195973988391941
0.919597398839197
-0.9195973988391943
0.9195973988391912
-0.9195973988391946
0.9195973988391906
-0.9195973988391889
0.9195973988391902
-0.9195973988391952
0.9195973988391836
-0.9195973988391886
0.9195973988391983
-0.919597398839194
0.919597398839188
-0.9195973988391852
0.9195973988391896
-0.9195973988391949
0.919597398839186
-0.9195973988391886
0.9195973988391934
-0.9195973988391944
0.9195973988391966
-0.9195973988391958
0.9195973988391909
-0.9195973988391893
0.919597398839186
-0.9195973988391872
0.9195973988391923
-0.9195973988391892
0.9195973988391813
-0.9195973988391899
0.9195973988391978
-0.919597398839202
0.919597398839199
-0.9195973988391885
0.9195973988391872
-0.919597398839192
0.919597398839195
-0.9195973988391939
0.9195973988391881
-0.919597398839192
0.919597398839194
-0.9195973988391947
0.9195973988391984
-0.9195973988391871
0.9195973988391832
-0.9195973988391947
0.919597398839186
-0.9195973988391815
0.9195973988391911
-0.9195973988391926
0.9195973988391907
-0.9195973988391973
0.9195973988392001
-0.9195973988391946
0.9195973988391922
-0.9195973988391847
0.9195973988391849
-0.9195973988391904
0.919597398839193
-0.9195973988391895
0.9195973988391789
-0.9195973988391772
0.9195973988391882
-0.9195973988391999
0.9195973988391994
-0.919597398839203
0.9195973988391996
-0.9195973988391984
0.9195973988391942
-0.9195973988391959
0.9195973988392013
-0.9195973988392042
0.9195973988392089
-0.9195973988392059
0.9195973988391928
-0.9195973988391802
0.9195973988391497
-0.9195973988390754
0.9195973988388807
-0.9195973988383884
0.919597398837109
-0.9195973988337927
0.9195973988251643
-0.9195973988027063
0.9195973987440522
-0.9195973985902646
0.9195973981861203
-0.9195973971181588
0.9195973942929266
-0.9195973867446792
0.9195973666540979
-0.9195973120370317
0.9195971663926219
-0.919596757685202
0.9195956816152397
-0.9195924588159105
0.919584423287177
-0.9195567430816695
0.9194980206226262
-0.9192263579217091
0.9188521099142808
-0.9156723583904858
0.9147570817946684
-0.8699188394192092
0.9114776676937352