#MPS simulation for XXZ spin-1 chain
#parameters in unit of Jxy(=1) 
#************************# 
#local mg
-0.8529930081253465
0.7823847105609695
-0.8478761746673246
0.8459541819604602
-0.8545062240490465
0.8553479780316298
-0.8567531737687365
0.8571086846406208
-0.8573961066801014
0.8575079928885648
-0.8575784066185116
0.8576120913991876
-0.8576315709896809
0.857641821969206
-0.8576476267018585
0.857650822188849
-0.8576526335594326
0.8576536544374019
-0.8576542373572286
0.8576545705866306
-0.8576547624106441
0.857654873152579
-0.8576549373732099
0.8576549747277543
-0.8576549965280665
0.8576550092855153
-0.8576550167711642
0.8576550211739179
-0.857655023769254
0.8576550253023032
-0.8576550262096124
0.857655026747555
-0.8576550270670126
0.857655027257052
-0.8576550273702588
0.8576550274377678
-0.8576550274780893
0.857655027502189
-0.8576550275166109
0.8576550275252581
-0.8576550275304404
0.8576550275335842
-0.857655027535441
0.8576550275365659
-0.8576550275372413
0.8576550275376842
-0.8576550275379519
0.857655027538089
-0.85765502753817
0.8576550275382334
-0.8576550275382803
0.8576550275383036
-0.8576550275383249
0.8576550275383451
-0.8576550275383382
0.8576550275383326
-0.8576550275383342
0.8576550275383336
-0.8576550275383295
0.8576550275383458
-0.857655027538331
0.8576550275383386
-0.8576550275383457
0.857655027538358
-0.857655027538347
0.8576550275383387
-0.8576550275383542
0.8576550275383441
-0.8576550275383421
0.8576550275383253
-0.8576550275383227
0.8576550275383108
-0.8576550275382983
0.8576550275382939
-0.8576550275383008
0.8576550275383045
-0.8576550275382994
0.8576550275383141
-0.8576550275383036
0.8576550275383082
-0.8576550275383142
0.8576550275383173
-0.8576550275383272
0.8576550275383266
-0.857655027538331
0.8576550275383388
-0.857655027538344
0.8576550275383586
-0.8576550275383528
0.8576550275383552
-0.8576550275383461
0.8576550275383584
-0.8576550275383477
0.85765502753835
-0.8576550275383668
0.8576550275383669
-0.8576550275383571
0.8576550275383664
-0.8576550275383555
0.8576550275383621
-0.8576550275383522
0.857655027538349
-0.857655027538345
0.8576550275383494
-0.8576550275383548
0.857655027538369
-0.8576550275383529
0.8576550275383376
-0.8576550275383372
0.8576550275383478
-0.8576550275383431
0.8576550275383497
-0.8576550275383796
0.8576550275383854
-0.8576550275383796
0.857655027538387
-0.8576550275383832
0.8576550275383769
-0.8576550275383602
0.8576550275383402
-0.8576550275383176
0.8576550275383061
-0.8576550275383028
0.8576550275383021
-0.857655027538301
0.8576550275383089
-0.8576550275383074
0.8576550275383032
-0.8576550275383068
0.8576550275383086
-0.8576550275382944
0.8576550275383167
-0.8576550275383109
0.8576550275383146
-0.8576550275383199
0.8576550275383248
-0.857655027538331
0.8576550275383465
-0.8576550275383324
0.8576550275383227
-0.8576550275383313
0.8576550275383571
-0.857655027538355
0.8576550275383292
-0.8576550275383241
0.8576550275383198
-0.8576550275383305
0.8576550275383548
-0.8576550275383388
0.8576550275383275
-0.8576550275383342
0.8576550275383358
-0.8576550275383296
0.8576550275383332
-0.8576550275383281
0.8576550275383236
-0.8576550275383211
0.8576550275383031
-0.8576550275382985
0.8576550275382963
-0.8576550275382887
0.8576550275383032
-0.8576550275383192
0.8576550275383316
-0.8576550275383341
0.8576550275383454
-0.8576550275383443
0.8576550275383441
-0.8576550275383438
0.8576550275383463
-0.8576550275383474
0.8576550275383394
-0.8576550275383417
0.8576550275383478
-0.8576550275383457
0.8576550275383386
-0.8576550275383404
0.8576550275383494
-0.857655027538344
0.8576550275383303
-0.8576550275383178
0.8576550275383203
-0.8576550275383056
0.8576550275383068
-0.8576550275382876
0.8576550275382876
-0.8576550275382949
0.8576550275383047
-0.8576550275382988
0.857655027538326
-0.8576550275383372
0.857655027538348
-0.8576550275383511
0.8576550275383509
-0.8576550275383401
0.8576550275383406
-0.8576550275383384
0.8576550275383475
-0.8576550275383369
0.857655027538341
-0.8576550275383307
0.8576550275383183
-0.8576550275383198
0.8576550275383419
-0.8576550275383292
0.8576550275383257
-0.8576550275383301
0.857655027538321
-0.8576550275383039
0.8576550275383094
-0.8576550275382966
0.857655027538296
-0.8576550275382897
0.8576550275383077
-0.8576550275383187
0.8576550275383334
-0.8576550275383454
0.8576550275383337
-0.8576550275383122
0.857655027538329
-0.8576550275383416
0.8576550275383424
-0.8576550275383351
0.85765502753834
-0.8576550275383242
0.8576550275383278
-0.8576550275383349
0.8576550275383416
-0.8576550275383353
0.8576550275383483
-0.857655027538363
0.8576550275383841
-0.8576550275383883
0.8576550275383851
-0.8576550275383588
0.8576550275383373
-0.8576550275383262
0.8576550275383219
-0.8576550275383102
0.8576550275383105
-0.8576550275383125
0.8576550275383066
-0.8576550275382899
0.8576550275382924
-0.8576550275382966
0.8576550275383088
-0.857655027538301
0.857655027538273
-0.8576550275382518
0.8576550275382515
-0.8576550275382163
0.8576550275381811
-0.8576550275380839
0.857655027537949
-0.8576550275376943
0.8576550275372793
-0.857655027536585
0.8576550275354459
-0.8576550275335832
0.8576550275304657
-0.8576550275252909
0.8576550275166468
-0.8576550275022077
0.8576550274780824
-0.8576550274377474
0.8576550273702491
-0.8576550272570427
0.8576550270670197
-0.8576550267475581
0.8576550262096319
-0.8576550253023051
0.8576550237692396
-0.8576550211738965
0.8576550167711422
-0.8576550092854922
0.8576549965280466
-0.8576549747277352
0.8576549373731787
-0.8576548731525312
0.8576547624105832
-0.8576545705865887
0.857654237357168
-0.8576536544373458
0.85765263355941
-0.8576508221888629
0.8576476267018766
-0.8576418219692137
0.8576315709896543
-0.8576120913991696
0.8575784066185013
-0.8575079928885669
0.8573961066800999
-0.8571086846406314
0.8567531737687688
-0.855347978031652
0.8545062240491004
-0.8459541819605159
0.8478761746673485
-0.7823847105609554
0.8529930081252983