#MPS simulation for XXZ spin-1 chain
#parameters in unit of Jxy(=1) 
#************************# 
#local mg
-0.8837878560649968
0.8285693272407045
-0.8842766128297657
0.8844621874876121
-0.8900050411027618
0.8906702870438574
-0.8913533225087836
0.891522228881755
-0.891625153906195
0.8916610747170192
-0.8916792134489014
0.8916866654011099
-0.8916902040010011
0.8916917714164769
-0.8916925058292223
0.8916928431328973
-0.8916930016405503
0.8916930758794407
-0.8916931110212163
0.891693127683841
-0.8916931356316137
0.8916931394333429
-0.8916931412591297
0.8916931421384611
-0.8916931425632587
0.8916931427690039
-0.8916931428688908
0.8916931429174966
-0.8916931429412162
0.891693142952799
-0.8916931429584649
0.8916931429612155
-0.8916931429625908
0.8916931429632777
-0.8916931429636034
0.8916931429637486
-0.8916931429638231
0.8916931429638658
-0.8916931429638946
0.8916931429639027
-0.8916931429639113
0.8916931429639137
-0.8916931429639054
0.8916931429639098
-0.8916931429639184
0.8916931429639183
-0.8916931429639254
0.8916931429639354
-0.8916931429639355
0.8916931429639176
-0.8916931429639152
0.8916931429639172
-0.8916931429639242
0.8916931429639284
-0.891693142963927
0.8916931429639189
-0.8916931429639253
0.89169314296392
-0.8916931429639325
0.8916931429639307
-0.8916931429639219
0.8916931429639133
-0.8916931429639101
0.8916931429638955
-0.891693142963908
0.891693142963938
-0.8916931429639497
0.8916931429639312
-0.8916931429639189
0.8916931429639178
-0.8916931429639328
0.89169314296393
-0.8916931429639311
0.8916931429639255
-0.8916931429639164
0.8916931429639278
-0.891693142963936
0.8916931429639344
-0.8916931429639352
0.891693142963924
-0.8916931429639242
0.891693142963926
-0.8916931429639267
0.8916931429639107
-0.8916931429639117
0.8916931429639151
-0.8916931429639087
0.89169314296392
-0.8916931429639249
0.8916931429639182
-0.8916931429639241
0.8916931429639265
-0.8916931429639271
0.8916931429639229
-0.8916931429639292
0.8916931429639153
-0.8916931429639131
0.8916931429639077
-0.8916931429639059
0.8916931429639102
-0.8916931429639142
0.891693142963914
-0.8916931429639261
0.8916931429639279
-0.8916931429639312
0.8916931429639312
-0.8916931429639168
0.8916931429639081
-0.8916931429639131
0.8916931429639087
-0.8916931429639098
0.8916931429639048
-0.8916931429638993
0.8916931429639089
-0.8916931429639198
0.8916931429639248
-0.8916931429639237
0.8916931429639119
-0.8916931429639193
0.8916931429639259
-0.8916931429639329
0.8916931429639153
-0.8916931429639254
0.8916931429639213
-0.8916931429639254
0.891693142963933
-0.8916931429639333
0.8916931429639271
-0.8916931429639194
0.8916931429639107
-0.891693142963921
0.8916931429639191
-0.8916931429639212
0.8916931429639182
-0.8916931429639169
0.8916931429639112
-0.8916931429639234
0.8916931429639301
-0.8916931429639293
0.8916931429639233
-0.8916931429639164
0.8916931429639148
-0.8916931429639248
0.8916931429639254
-0.8916931429639261
0.8916931429639243
-0.8916931429639243
0.8916931429639202
-0.8916931429639308
0.891693142963934
-0.8916931429639284
0.8916931429639171
-0.8916931429639107
0.8916931429639248
-0.8916931429639353
0.8916931429639291
-0.8916931429639366
0.8916931429639409
-0.8916931429639362
0.8916931429639141
-0.8916931429639138
0.8916931429639335
-0.8916931429639217
0.8916931429639076
-0.8916931429639089
0.8916931429638983
-0.891693142963905
0.8916931429639063
-0.8916931429639288
0.8916931429639261
-0.8916931429639211
0.8916931429639311
-0.8916931429639383
0.8916931429639339
-0.8916931429639235
0.8916931429639174
-0.8916931429639254
0.8916931429639284
-0.8916931429639311
0.8916931429639291
-0.8916931429639193
0.8916931429639207
-0.8916931429639208
0.89169314296392
-0.8916931429639301
0.8916931429639374
-0.8916931429639307
0.8916931429639182
-0.8916931429639291
0.8916931429639214
-0.8916931429639177
0.8916931429639102
-0.8916931429639192
0.8916931429639111
-0.8916931429639148
0.891693142963925
-0.8916931429639332
0.8916931429639243
-0.8916931429639207
0.8916931429639215
-0.8916931429639199
0.8916931429639147
-0.8916931429639117
0.8916931429639064
-0.8916931429639116
0.8916931429639131
-0.891693142963913
0.8916931429639189
-0.8916931429639237
0.8916931429639128
-0.8916931429639159
0.8916931429639253
-0.8916931429639169
0.8916931429639071
-0.8916931429639084
0.8916931429639244
-0.8916931429639211
0.8916931429639093
-0.8916931429639137
0.8916931429639268
-0.8916931429639314
0.8916931429639269
-0.8916931429639253
0.8916931429639248
-0.8916931429639203
0.8916931429639178
-0.891693142963918
0.8916931429639153
-0.8916931429639129
0.8916931429639072
-0.891693142963918
0.891693142963928
-0.8916931429639448
0.891693142963928
-0.8916931429639261
0.8916931429639217
-0.8916931429639288
0.8916931429639339
-0.891693142963925
0.8916931429639207
-0.8916931429639157
0.8916931429639232
-0.8916931429639249
0.8916931429639217
-0.8916931429639293
0.8916931429639271
-0.8916931429639213
0.8916931429639231
-0.8916931429639239
0.8916931429639233
-0.8916931429639295
0.8916931429639318
-0.8916931429639295
0.8916931429639126
-0.8916931429639239
0.8916931429639242
-0.8916931429639188
0.8916931429639209
-0.8916931429639166
0.8916931429639172
-0.8916931429639131
0.891693142963892
-0.8916931429638839
0.8916931429638528
-0.8916931429637671
0.8916931429635921
-0.8916931429632736
0.891693142962614
-0.8916931429612499
0.8916931429584576
-0.8916931429527976
0.8916931429412221
-0.8916931429175255
0.8916931428689214
-0.8916931427690423
0.8916931425633122
-0.8916931421385015
0.891693141259156
-0.8916931394333497
0.8916931356316047
-0.8916931276838278
0.8916931110211997
-0.891693075879441
0.89169300164054
-0.8916928431329063
0.8916925058292263
-0.8916917714164622
0.8916902040009909
-0.8916866654011062
0.8916792134488964
-0.8916610747169986
0.8916251539061997
-0.8915222288817373
0.8913533225087552
-0.8906702870438268
0.8900050411027415
-0.8844621874875808
0.8842766128297505
-0.8285693272406919
0.8837878560649913