#MPS simulation for XXZ spin-1 chain
#parameters in unit of Jxy(=1) 
#************************# 
#local mg
-0.8245270070250302
0.7395890258961393
-0.8118209950762997
0.8064390772861018
-0.817714694507555
0.8182512056234297
-0.8204594905087748
0.8209337456445391
-0.8214731823647141
0.821680138275342
-0.8218410818034851
0.8219229730769506
-0.821978554371317
0.8220108826441457
-0.8220319444233863
0.8220449900037765
-0.8220534416168189
0.8220588443101574
-0.8220623645782176
0.8220646557460126
-0.8220661610486698
0.8220671524345009
-0.8220678090242693
0.8220682452356727
-0.8220685361779826
0.8220687308050217
-0.8220688614009344
0.8220689492614522
-0.8220690085204776
0.822069048579828
-0.8220690757183122
0.8220690941398767
-0.8220691066675957
0.8220691152018846
-0.8220691210251693
0.8220691250047092
-0.8220691277281351
0.8220691295944447
-0.8220691308750223
0.8220691317547877
-0.822069132359844
0.8220691327764259
-0.8220691330635389
0.8220691332616096
-0.8220691333983727
0.8220691334929053
-0.822069133558299
0.822069133603575
-0.822069133634966
0.8220691336566998
-0.8220691336717764
0.8220691336822462
-0.8220691336895288
0.8220691336946011
-0.8220691336981316
0.8220691337005622
-0.822069133702284
0.8220691337034755
-0.8220691337042882
0.8220691337048698
-0.8220691337052739
0.822069133705557
-0.8220691337057595
0.8220691337058781
-0.8220691337059769
0.8220691337060522
-0.8220691337061147
0.8220691337061452
-0.8220691337061933
0.8220691337062276
-0.8220691337062678
0.8220691337062478
-0.8220691337062406
0.8220691337062311
-0.822069133706212
0.8220691337061918
-0.8220691337061861
0.8220691337061925
-0.8220691337061937
0.8220691337061969
-0.8220691337061927
0.8220691337061897
-0.8220691337061741
0.8220691337061481
-0.8220691337061596
0.8220691337061561
-0.8220691337061636
0.8220691337061795
-0.8220691337061882
0.8220691337062024
-0.8220691337062082
0.8220691337061787
-0.822069133706205
0.8220691337062247
-0.8220691337062372
0.8220691337062244
-0.8220691337062478
0.8220691337062663
-0.8220691337062439
0.8220691337062263
-0.8220691337062248
0.8220691337062243
-0.8220691337062294
0.8220691337062241
-0.8220691337062183
0.8220691337062317
-0.8220691337062398
0.8220691337062405
-0.822069133706227
0.8220691337062126
-0.8220691337062073
0.8220691337062006
-0.8220691337061891
0.822069133706145
-0.8220691337061458
0.8220691337061622
-0.8220691337061652
0.8220691337061888
-0.8220691337061863
0.8220691337061911
-0.8220691337062079
0.8220691337061862
-0.8220691337061714
0.8220691337061936
-0.8220691337062039
0.8220691337062043
-0.8220691337061905
0.8220691337061757
-0.822069133706197
0.8220691337061712
-0.8220691337061683
0.8220691337061643
-0.8220691337061913
0.8220691337062147
-0.822069133706236
0.8220691337062405
-0.8220691337062456
0.8220691337062646
-0.8220691337062689
0.8220691337062687
-0.8220691337062532
0.822069133706246
-0.8220691337062308
0.8220691337062032
-0.8220691337061955
0.8220691337061802
-0.8220691337061988
0.8220691337062115
-0.8220691337062
0.8220691337061917
-0.8220691337061842
0.8220691337061797
-0.8220691337061594
0.822069133706145
-0.8220691337061516
0.8220691337061415
-0.8220691337061319
0.8220691337061623
-0.8220691337061863
0.8220691337061948
-0.8220691337062042
0.8220691337062052
-0.8220691337062139
0.8220691337062123
-0.8220691337062077
0.8220691337062227
-0.822069133706235
0.822069133706234
-0.8220691337062362
0.8220691337062337
-0.8220691337062055
0.8220691337062077
-0.8220691337062296
0.8220691337062331
-0.8220691337062674
0.8220691337062548
-0.822069133706253
0.8220691337062414
-0.8220691337062185
0.8220691337061988
-0.8220691337062132
0.8220691337062209
-0.8220691337062273
0.8220691337062223
-0.8220691337062351
0.8220691337062208
-0.8220691337062299
0.8220691337062354
-0.8220691337062327
0.822069133706213
-0.8220691337061989
0.8220691337061798
-0.8220691337061556
0.8220691337061475
-0.8220691337061427
0.8220691337061417
-0.8220691337061388
0.8220691337061019
-0.8220691337060965
0.8220691337061318
-0.8220691337061609
0.8220691337061333
-0.8220691337061444
0.8220691337061655
-0.8220691337061996
0.822069133706214
-0.8220691337061828
0.8220691337061891
-0.8220691337061812
0.8220691337061947
-0.8220691337061784
0.8220691337061842
-0.8220691337061901
0.8220691337061676
-0.8220691337061615
0.8220691337061643
-0.8220691337061552
0.8220691337061646
-0.8220691337061589
0.8220691337061355
-0.8220691337061682
0.8220691337061695
-0.8220691337061395
0.8220691337061387
-0.8220691337061263
0.8220691337061067
-0.8220691337060979
0.8220691337060962
-0.8220691337060835
0.8220691337060256
-0.8220691337060174
0.8220691337060271
-0.8220691337060201
0.822069133705963
-0.8220691337059222
0.822069133705873
-0.822069133705802
0.8220691337057053
-0.8220691337055137
0.8220691337052244
-0.8220691337048076
0.8220691337041969
-0.8220691337033385
0.8220691337021917
-0.8220691337005056
0.8220691336980736
-0.8220691336945424
0.8220691336895005
-0.8220691336822474
0.8220691336717756
-0.8220691336566811
0.8220691336349523
-0.8220691336035658
0.822069133558284
-0.8220691334929147
0.8220691333984156
-0.8220691332616561
0.8220691330635485
-0.8220691327764276
0.8220691323598369
-0.8220691317547703
0.8220691308750089
-0.8220691295944402
0.8220691277281063
-0.8220691250047039
0.8220691210251746
-0.8220691152018696
0.8220691066675537
-0.8220690941398363
0.8220690757182618
-0.8220690485798103
0.822069008520396
-0.8220689492613623
0.8220688614008678
-0.8220687308049757
0.8220685361779807
-0.8220682452356758
0.8220678090243111
-0.8220671524345539
0.8220661610486993
-0.8220646557460065
0.8220623645782151
-0.8220588443101576
0.8220534416167925
-0.8220449900038014
0.822031944423382
-0.8220108826442001
0.821978554371358
-0.8219229730770061
0.8218410818034805
-0.8216801382753974
0.8214731823647912
-0.8209337456446318
0.8204594905089271
-0.8182512056235636
0.8177146945077169
-0.8064390772862334
0.8118209950763575
-0.7395890258961518
0.8245270070250377