#MPS simulation for XXZ spin-1 chain
#parameters in unit of Jxy(=1) 
#************************# 
#local mg
-0.9055925669236483
0.8611489020834979
-0.9084524116154675
0.9092894366537482
-0.9129287060536804
0.9133642734113455
-0.9137039432407114
0.913780179092563
-0.9138182191279045
0.9138297894486421
-0.9138346828876899
0.9138364017719942
-0.9138370898191085
0.9138373482078531
-0.9138374503618453
0.9138374899923005
-0.9138375056970538
0.913837511898994
-0.913837514372663
0.9138375153606291
-0.9138375157574169
0.913837515917178
-0.9138375159817582
0.9138375160079196
-0.913837516018552
0.913837516022882
-0.9138375160246528
0.9138375160253619
-0.9138375160256613
0.9138375160257887
-0.9138375160258461
0.9138375160258646
-0.9138375160258831
0.913837516025882
-0.9138375160258853
0.913837516025878
-0.9138375160258853
0.9138375160258821
-0.9138375160258916
0.9138375160258871
-0.9138375160258889
0.9138375160258753
-0.9138375160258894
0.9138375160258814
-0.9138375160258837
0.9138375160258786
-0.9138375160258815
0.9138375160258719
-0.913837516025887
0.9138375160258769
-0.9138375160258796
0.913837516025877
-0.9138375160258767
0.913837516025864
-0.9138375160258692
0.9138375160258653
-0.9138375160258753
0.9138375160258655
-0.9138375160258716
0.9138375160258613
-0.9138375160258632
0.9138375160258662
-0.9138375160258838
0.9138375160258807
-0.9138375160258804
0.9138375160258706
-0.9138375160258722
0.9138375160258707
-0.9138375160258794
0.9138375160258674
-0.9138375160258646
0.9138375160258634
-0.9138375160258733
0.9138375160258719
-0.9138375160258755
0.9138375160258638
-0.9138375160258814
0.9138375160258723
-0.9138375160258742
0.9138375160258744
-0.9138375160258743
0.913837516025865
-0.9138375160258718
0.9138375160258854
-0.9138375160258849
0.9138375160258757
-0.9138375160258828
0.9138375160258734
-0.9138375160258855
0.9138375160258765
-0.9138375160258811
0.9138375160258638
-0.9138375160258672
0.9138375160258703
-0.9138375160258752
0.9138375160258709
-0.9138375160258672
0.9138375160258668
-0.9138375160258725
0.9138375160258724
-0.9138375160258798
0.913837516025875
-0.913837516025876
0.9138375160258729
-0.9138375160258826
0.9138375160258764
-0.9138375160258816
0.9138375160258735
-0.9138375160258767
0.913837516025873
-0.9138375160258851
0.9138375160258762
-0.9138375160258737
0.9138375160258767
-0.9138375160258823
0.9138375160258763
-0.9138375160258755
0.9138375160258745
-0.9138375160258702
0.9138375160258647
-0.9138375160258781
0.9138375160258767
-0.9138375160258735
0.9138375160258704
-0.9138375160258754
0.913837516025872
-0.9138375160258639
0.913837516025863
-0.9138375160258762
0.9138375160258774
-0.9138375160258895
0.9138375160258806
-0.9138375160258821
0.9138375160258737
-0.9138375160258756
0.9138375160258728
-0.9138375160258757
0.9138375160258716
-0.9138375160258781
0.9138375160258607
-0.9138375160258735
0.913837516025877
-0.9138375160258781
0.9138375160258698
-0.9138375160258677
0.9138375160258679
-0.9138375160258797
0.9138375160258688
-0.9138375160258746
0.9138375160258608
-0.913837516025869
0.9138375160258664
-0.9138375160258726
0.9138375160258558
-0.9138375160258629
0.9138375160258727
-0.9138375160258725
0.9138375160258513
-0.9138375160258565
0.9138375160258582
-0.9138375160258583
0.9138375160258614
-0.9138375160258737
0.9138375160258654
-0.9138375160258723
0.9138375160258636
-0.9138375160258743
0.9138375160258762
-0.9138375160258818
0.9138375160258768
-0.9138375160258787
0.9138375160258638
-0.9138375160258636
0.9138375160258585
-0.9138375160258703
0.9138375160258685
-0.9138375160258755
0.9138375160258799
-0.9138375160258848
0.9138375160258674
-0.9138375160258756
0.9138375160258749
-0.9138375160258707
0.913837516025866
-0.913837516025879
0.9138375160258685
-0.9138375160258758
0.9138375160258715
-0.9138375160258746
0.9138375160258678
-0.9138375160258688
0.9138375160258548
-0.913837516025868
0.9138375160258706
-0.913837516025878
0.9138375160258636
-0.9138375160258603
0.9138375160258605
-0.9138375160258692
0.9138375160258752
-0.913837516025881
0.913837516025873
-0.9138375160258773
0.9138375160258748
-0.9138375160258759
0.9138375160258737
-0.9138375160258791
0.9138375160258662
-0.9138375160258694
0.9138375160258676
-0.9138375160258722
0.913837516025858
-0.9138375160258696
0.9138375160258676
-0.9138375160258692
0.9138375160258654
-0.9138375160258697
0.9138375160258732
-0.9138375160258768
0.9138375160258684
-0.913837516025875
0.9138375160258781
-0.9138375160258846
0.9138375160258888
-0.9138375160258831
0.9138375160258696
-0.9138375160258873
0.913837516025884
-0.9138375160258929
0.9138375160258805
-0.9138375160258689
0.9138375160258565
-0.913837516025859
0.9138375160258561
-0.9138375160258658
0.9138375160258745
-0.9138375160258809
0.9138375160258676
-0.9138375160258697
0.9138375160258655
-0.9138375160258677
0.9138375160258663
-0.9138375160258709
0.913837516025868
-0.9138375160258791
0.913837516025876
-0.9138375160258873
0.9138375160258797
-0.9138375160258776
0.9138375160258662
-0.9138375160258794
0.9138375160258715
-0.913837516025875
0.9138375160258738
-0.9138375160258748
0.9138375160258682
-0.9138375160258754
0.9138375160258798
-0.9138375160258827
0.9138375160258745
-0.9138375160258834
0.9138375160258712
-0.9138375160258697
0.9138375160258602
-0.9138375160258729
0.9138375160258768
-0.913837516025892
0.913837516025884
-0.9138375160258739
0.9138375160258482
-0.9138375160258083
0.9138375160256712
-0.913837516025376
0.9138375160246488
-0.9138375160228871
0.913837516018546
-0.9138375160079238
0.9138375159817588
-0.9138375159171819
0.9138375157574145
-0.9138375153606415
0.9138375143726848
-0.9138375118990081
0.9138375056970597
-0.9138374899923073
0.9138374503618468
-0.9138373482078479
0.9138370898190901
-0.9138364017719799
0.9138346828876589
-0.9138297894486215
0.9138182191278927
-0.913780179092558
0.9137039432406984
-0.9133642734113314
0.9129287060536586
-0.909289436653735
0.9084524116154631
-0.8611489020834908
0.9055925669236324