#MPS simulation for XXZ spin-1 chain
#parameters in unit of Jxy(=1) 
#************************# 
#local mg
-0.806731763565967
0.712812460885277
-0.7880898500187081
0.7796955258908528
-0.792429886711318
0.7923548311952117
-0.7950133630076567
0.7954199440151358
-0.7961004794712051
0.7963274277418958
-0.7965405946509292
0.7966443694507819
-0.7967230550032122
0.7967692252374459
-0.7968017199236913
0.7968225797333318
-0.7968369903270601
0.7968466619354858
-0.7968533547202601
0.7968579567976195
-0.7968611663140757
0.7968634069039393
-0.7968649831857446
0.796866095472723
-0.7968668843061696
0.7968674455835859
-0.7968678464525879
0.796868133624936
-0.7968683399743057
0.7968684886451879
-0.796868596034712
0.7968686737873748
-0.796868730206746
0.7968687712302328
-0.7968688011168414
0.7968688229294094
-0.7968688388764297
0.7968688505538887
-0.7968688591178992
0.7968688654075299
-0.7968688700330874
0.7968688734392714
-0.7968688759505627
0.7968688778042232
-0.7968688791740167
0.796868880187285
-0.7968688809375695
0.7968688814936966
-0.7968688819062932
0.796868882212626
-0.7968688824402742
0.7968688826095685
-0.7968688827355676
0.7968688828294312
-0.7968688828994125
0.7968688829516065
-0.7968688829905689
0.7968688830196631
-0.7968688830414079
0.7968688830576833
-0.7968688830698476
0.7968688830789549
-0.7968688830857731
0.7968688830908698
-0.7968688830947153
0.7968688830975993
-0.7968688830997809
0.7968688831013944
-0.7968688831026077
0.7968688831035456
-0.7968688831042523
0.7968688831047861
-0.7968688831051878
0.7968688831054735
-0.7968688831056808
0.796868883105856
-0.7968688831059787
0.7968688831060742
-0.7968688831061485
0.7968688831061945
-0.7968688831062228
0.7968688831062447
-0.7968688831062536
0.7968688831062509
-0.7968688831062388
0.796868883106224
-0.7968688831062286
0.7968688831062272
-0.796868883106226
0.796868883106236
-0.7968688831062368
0.7968688831062432
-0.7968688831062555
0.7968688831062526
-0.7968688831062498
0.7968688831062496
-0.796868883106242
0.7968688831062515
-0.7968688831062656
0.7968688831062667
-0.7968688831062769
0.7968688831062816
-0.7968688831062621
0.7968688831062604
-0.7968688831062458
0.7968688831062645
-0.7968688831062769
0.7968688831063012
-0.7968688831062773
0.7968688831062827
-0.7968688831063034
0.7968688831063077
-0.7968688831062998
0.7968688831063065
-0.7968688831063186
0.7968688831063242
-0.7968688831063127
0.7968688831063175
-0.7968688831063209
0.7968688831063189
-0.7968688831063087
0.796868883106309
-0.79686888310632
0.7968688831062941
-0.7968688831062901
0.7968688831062961
-0.7968688831062861
0.7968688831063017
-0.7968688831062983
0.7968688831063055
-0.7968688831063074
0.7968688831063095
-0.7968688831063144
0.7968688831063007
-0.7968688831063021
0.7968688831062999
-0.7968688831062888
0.7968688831062906
-0.7968688831063119
0.7968688831063316
-0.7968688831063228
0.7968688831062983
-0.7968688831062738
0.7968688831062699
-0.7968688831062868
0.7968688831062922
-0.7968688831062652
0.7968688831062768
-0.7968688831062729
0.7968688831062887
-0.7968688831063173
0.79686888310631
-0.7968688831063119
0.796868883106317
-0.7968688831063051
0.7968688831062988
-0.79686888310628
0.7968688831062881
-0.7968688831062724
0.7968688831062772
-0.7968688831062791
0.7968688831062795
-0.7968688831062567
0.7968688831062578
-0.7968688831062658
0.7968688831062812
-0.7968688831062828
0.7968688831063087
-0.7968688831062923
0.7968688831062833
-0.7968688831062856
0.7968688831063001
-0.7968688831062793
0.7968688831062746
-0.7968688831062459
0.7968688831062203
-0.7968688831062075
0.7968688831062062
-0.796868883106217
0.7968688831062309
-0.7968688831062334
0.7968688831062104
-0.7968688831062188
0.7968688831062436
-0.7968688831062608
0.7968688831062394
-0.7968688831062196
0.7968688831062362
-0.7968688831062362
0.7968688831062302
-0.796868883106213
0.79686888310621
-0.7968688831062098
0.7968688831062326
-0.7968688831062238
0.7968688831062086
-0.7968688831061872
0.7968688831061799
-0.7968688831061707
0.7968688831061869
-0.7968688831062112
0.7968688831062137
-0.7968688831062134
0.7968688831062276
-0.7968688831062128
0.796868883106211
-0.7968688831061848
0.7968688831061733
-0.7968688831061965
0.7968688831062616
-0.7968688831062786
0.7968688831062982
-0.7968688831063007
0.7968688831063123
-0.796868883106284
0.7968688831062707
-0.7968688831062285
0.7968688831061895
-0.7968688831061603
0.796868883106129
-0.7968688831060964
0.796868883106038
-0.7968688831059172
0.7968688831058103
-0.7968688831056643
0.7968688831054893
-0.7968688831052796
0.7968688831050027
-0.7968688831046123
0.7968688831040924
-0.7968688831034113
0.7968688831025016
-0.796868883101295
0.7968688830996805
-0.7968688830975158
0.7968688830946425
-0.7968688830908255
0.7968688830857342
-0.7968688830789228
0.7968688830698292
-0.796868883057678
0.7968688830414005
-0.7968688830196478
0.7968688829905443
-0.7968688829515607
0.7968688828993715
-0.7968688828294238
0.7968688827355626
-0.7968688826095536
0.7968688824402156
-0.7968688822125747
0.7968688819062614
-0.7968688814937398
0.7968688809376088
-0.7968688801872951
0.7968688791740286
-0.796868877804266
0.7968688759506202
-0.7968688734393012
0.7968688700331062
-0.7968688654075281
0.7968688591179297
-0.7968688505539541
0.7968688388764802
-0.7968688229294938
0.7968688011168676
-0.7968687712302515
0.7968687302067253
-0.7968686737873828
0.796868596034744
-0.7968684886451983
0.7968683399742968
-0.7968681336249845
0.7968678464526446
-0.7968674455836984
0.7968668843063472
-0.7968660954730311
0.7968649831861586
-0.7968634069043147
0.7968611663145507
-0.7968579567980296
0.7968533547207308
-0.796846661935695
0.7968369903272798
-0.7968225797334556
0.7968017199237016
-0.7967692252372767
0.7967230550030279
-0.7966443694506737
0.7965405946507532
-0.796327427741749
0.7961004794711307
-0.795419944015092
0.795013363007503
-0.7923548311950285
0.792429886711123
-0.7796955258906347
0.788089850018527
-0.7128124608851308
0.8067317635659609