#MPS simulation for XXZ spin-1 chain
#parameters in unit of Jxy(=1) 
#************************# 
#local mg
-0.7275877680184509
0.5934876428071734
-0.6706806454777902
0.639160009388123
-0.6519068378868136
0.640936917391857
-0.6410128449396797
0.635485934697169
-0.6330607769656594
0.6293973765538398
-0.6267610603973205
0.6239686198421986
-0.6216127065117408
0.6193530696043088
-0.6173377446988674
0.6154594222411679
-0.6137479310181317
0.6121632756300721
-0.6107051200279127
0.6093545254167859
-0.60810465926401
0.6069441969055279
-0.605865927297334
0.6048619427035339
-0.6039260161779225
0.6030521622924806
-0.6022352621112871
0.6014706032455941
-0.6007540183381128
0.6000817179740557
-0.5994503000662615
0.5988566757003112
-0.5982980489370826
0.5977718759011352
-0.5972758413893103
0.596807832140187
-0.5963659168541157
0.5959483265300572
-0.595553438742146
0.5951797626153101
-0.5948259263539372
0.5944906655203918
-0.5941728132919766
0.5938712912539716
-0.5935851014129814
0.5933133192444081
-0.5930550869147712
0.5928096077982692
-0.5925761411584883
0.5923539976726827
-0.5921425349545275
0.5919411539163377
-0.5917492953172356
0.5915664365836114
-0.591392089062696
0.5912257953090359
-0.5910671267825524
0.5909156817447022
-0.5907710832190354
0.5906329773030123
-0.5905010314214643
0.5903749328804274
-0.5902543875241034
0.5901391183362413
-0.5900288644003184
0.5899233797194179
-0.58982243230394
0.58972580318653
-0.589633285630078
0.5895446842977122
-0.5894598145653538
0.5893785018217472
-0.5893005808354788
0.589225895246346
-0.5891542969533472
0.5890856455689725
-0.5890198081142236
0.588956658484885
-0.5888960769802458
0.5888379500045701
-0.5887821698833063
0.5887286341242769
-0.58867724548259
0.5886279116774683
-0.5885805445923211
0.5885350609125003
-0.588491380902913
0.588449429216807
-0.5884091337103207
0.5883704257829615
-0.5883332403268993
0.588297515043979
-0.5882631908203032
0.5882302111554236
-0.5881985223177005
0.5881680728184719
-0.5881388139673752
0.5881106990611591
-0.5880836836020227
0.5880577251460593
-0.5880327832208702
0.5880088192023558
-0.5879857962188598
0.5879636790913072
-0.587942434237984
0.5879220296027017
-0.587902434605176
0.5878836200210763
-0.5878655580193156
0.5878482219360295
-0.5878315864768692
0.5878156272923969
-0.5878003214194932
0.5877856466717513
-0.5877715821006708
0.5877581076866355
-0.587745204078844
0.5877328533806792
-0.5877210379156705
0.5877097413304712
-0.5876989478880902
0.5876886423704779
-0.5876788108019732
0.5876694395358643
-0.5876605157155496
0.5876520272224718
-0.5876439623302387
0.5876363102884712
-0.5876290606889434
0.5876222036872298
-0.5876157300869786
0.5876096312105134
-0.5876038989263904
0.5875985255680207
-0.587593504001501
0.5875888275450177
-0.587584490017833
0.5875804856771915
-0.5875768092481907
0.5875734558847355
-0.5875704211812639
0.5875677011518912
-0.5875652922314831
0.5875631912646613
-0.5875613955032655
0.5875599025998829
-0.5875587106047413
0.5875578179617442
-0.5875572235062926
0.5875569264629741
-0.5875569264443388
0.587557223450234
-0.5875578178677056
0.5875587104717525
-0.5875599024268573
0.5875613952887242
-0.5875631910070737
0.5875652919289586
-0.5875677008031309
0.5875704207841163
-0.5875734554390433
0.587576808751377
-0.5875804851322921
0.5875844894208061
-0.5875888269053181
0.58759350331122
-0.58759852484597
0.5876038981550754
-0.5876096304184305
0.5876157292388116
-0.5876222028288354
0.5876290597982068
-0.5876363094444431
0.5876439614613538
-0.5876520262533602
0.5876605147725489
-0.5876694384900034
0.5876788097750696
-0.5876886413075232
0.5876989467423224
-0.587709740322908
0.587721036891937
-0.5877328523595136
0.587745203191329
-0.587758106776658
0.5877715812756948
-0.5877856459076781
0.5878003206819954
-0.5878156266441269
0.5878315859127932
-0.587848221416927
0.5878655575800066
-0.5878836197040357
0.5879024343831349
-0.5879220294694104
0.5879424341851973
-0.5879636791197667
0.5879857963327111
-0.588008819386535
0.5880327834927275
-0.5880577254641821
0.5880836840093311
-0.5881106995055911
0.5881388145249962
-0.5881680734101568
0.5881985229239529
-0.5882302118920901
0.5882631915807754
-0.5882975158137294
0.5883332411113076
-0.5883704266309978
0.5884091344737422
-0.5884494300308354
0.5884913817822954
-0.5885350616761776
0.5885805453393156
-0.5886279123606617
0.5886772460878601
-0.5887286346060376
0.5887821702282473
-0.5888379503910105
0.5888960772337644
-0.588956658755273
0.5890198083773843
-0.5890856458595142
0.5891542972009564
-0.589225895495782
0.5893005810587089
-0.5893785019460313
0.5894598146960652
-0.5895446843224565
0.5896332856413449
-0.5897258031230332
0.589822432232935
-0.5899233796033182
0.590028864288797
-0.590139118198226
0.5902543873918403
-0.5903749327300947
0.5905010312811501
-0.5906329772045513
0.5907710831723773
-0.5909156817784587
0.5910671268645538
-0.5912257953910642
0.5913920890897969
-0.5915664365526382
0.591749295239833
-0.5919411538338506
0.5921425348935312
-0.592353997662416
0.5925761411995861
-0.5928096078683949
0.5930550870411526
-0.5933133194324735
0.5935851016774139
-0.5938712914848019
0.5941728135098656
-0.5944906657093274
0.5948259265177734
-0.5951797627990855
0.5955534388617771
-0.5959483265728488
0.5963659168103517
-0.5968078320867931
0.5972758412901676
-0.5977718758361646
0.5982980489220694
-0.5988566756944583
0.5994503000797354
-0.6000817179640652
0.6007540182965971
-0.601470603156381
0.6022352620123754
-0.6030521622397021
0.6039260161622279
-0.6048619427048074
0.6058659272449385
-0.6069441968028044
0.608104659142511
-0.6093545252888057
0.6107051198960238
-0.6121632755115236
0.613747930911313
-0.6154594221403984
0.6173377446118932
-0.6193530695637851
0.6216127064823674
-0.6239686198217064
0.6267610603871091
-0.6293973765348264
0.6330607769529449
-0.63548593467845
0.641012844918101
-0.6409369173671765
0.651906837867119
-0.6391600093680389
0.6706806454645206
-0.5934876427939071
0.7275877680070342