#MPS simulation for XXZ spin-1 chain
#parameters in unit of Jxy(=1) 
#************************# 
#local mg
-0.8397753843597238
0.7625214937011529
-0.8314247758648273
0.8280930465246353
-0.837945379211693
0.8387261181602649
-0.8405010449590082
0.840930737624232
-0.8413301838353278
0.8414875563716627
-0.8415962853961766
0.8416504559143944
-0.8416842277746246
0.841702997896734
-0.8417143791076064
0.8417210383946987
-0.8417250718015
0.8417274947749792
-0.8417289724196861
0.8417298739680862
-0.8417304283215487
0.8417307701300165
-0.8417309819141113
0.8417311135375453
-0.8417311956313851
0.8417312469776109
-0.8417312791829863
0.8417312994325099
-0.841731312194552
0.8417313202548208
-0.8417313253557335
0.8417313285898153
-0.8417313306438339
0.841731331950495
-0.8417313327829773
0.841731333314141
-0.8417313336534861
0.8417313338705925
-0.8417313340096585
0.8417313340987971
-0.8417313341560041
0.8417313341927517
-0.8417313342164007
0.8417313342316215
-0.8417313342414443
0.8417313342477885
-0.841731334251883
0.8417313342545081
-0.8417313342562123
0.8417313342573243
-0.8417313342580258
0.841731334258504
-0.841731334258806
0.8417313342590036
-0.8417313342591171
0.8417313342591916
-0.8417313342592473
0.8417313342592725
-0.8417313342592795
0.8417313342592998
-0.8417313342592737
0.841731334259277
-0.8417313342592836
0.8417313342593234
-0.841731334259326
0.8417313342593086
-0.8417313342593215
0.8417313342593314
-0.8417313342593087
0.8417313342592849
-0.8417313342592652
0.8417313342592608
-0.8417313342592618
0.8417313342592638
-0.841731334259273
0.8417313342592917
-0.8417313342593088
0.8417313342593215
-0.8417313342593058
0.8417313342593009
-0.8417313342593121
0.8417313342593155
-0.8417313342593131
0.8417313342593274
-0.8417313342593424
0.8417313342593229
-0.8417313342593246
0.8417313342593027
-0.8417313342592938
0.8417313342592917
-0.8417313342592825
0.8417313342592815
-0.8417313342592732
0.8417313342592778
-0.8417313342592889
0.8417313342592941
-0.8417313342593037
0.841731334259313
-0.8417313342593361
0.841731334259344
-0.841731334259351
0.841731334259346
-0.8417313342593274
0.8417313342593113
-0.8417313342592921
0.8417313342592908
-0.8417313342592997
0.8417313342593133
-0.8417313342593152
0.8417313342593126
-0.8417313342593018
0.8417313342593247
-0.8417313342593297
0.8417313342593482
-0.8417313342593453
0.841731334259328
-0.8417313342593222
0.8417313342593276
-0.8417313342593227
0.8417313342593106
-0.8417313342593039
0.8417313342593179
-0.8417313342593233
0.841731334259338
-0.8417313342593196
0.8417313342593096
-0.8417313342593127
0.8417313342593152
-0.8417313342593152
0.8417313342593321
-0.8417313342593306
0.8417313342593361
-0.8417313342593373
0.8417313342593299
-0.8417313342593411
0.8417313342593314
-0.8417313342593346
0.8417313342593289
-0.8417313342593373
0.8417313342593526
-0.8417313342593788
0.8417313342593821
-0.8417313342593732
0.8417313342593609
-0.8417313342593531
0.8417313342593497
-0.8417313342593313
0.841731334259355
-0.8417313342593461
0.8417313342593303
-0.8417313342593178
0.8417313342593363
-0.8417313342593257
0.8417313342593423
-0.8417313342593682
0.8417313342593524
-0.8417313342593541
0.8417313342593646
-0.8417313342593554
0.8417313342593657
-0.8417313342593488
0.8417313342593393
-0.8417313342593267
0.8417313342593068
-0.8417313342592972
0.8417313342592904
-0.8417313342592838
0.8417313342592996
-0.8417313342592968
0.8417313342592777
-0.8417313342592889
0.8417313342592768
-0.8417313342592795
0.8417313342592808
-0.8417313342592845
0.8417313342592756
-0.8417313342592647
0.8417313342592799
-0.8417313342593019
0.8417313342592936
-0.8417313342593118
0.8417313342592965
-0.8417313342592923
0.8417313342592895
-0.84173133425928
0.8417313342592841
-0.8417313342592742
0.8417313342592871
-0.8417313342592864
0.8417313342593054
-0.841731334259291
0.8417313342592925
-0.8417313342592906
0.8417313342593175
-0.8417313342593054
0.8417313342593225
-0.8417313342593213
0.8417313342593097
-0.8417313342593133
0.8417313342593101
-0.841731334259293
0.8417313342592788
-0.8417313342592792
0.8417313342592637
-0.8417313342592639
0.8417313342592613
-0.8417313342592514
0.8417313342592604
-0.8417313342592487
0.8417313342592496
-0.8417313342592504
0.8417313342592407
-0.8417313342592772
0.8417313342592867
-0.8417313342592986
0.8417313342592755
-0.8417313342592648
0.8417313342592672
-0.8417313342592841
0.8417313342592831
-0.8417313342592756
0.8417313342592595
-0.8417313342592719
0.8417313342592914
-0.8417313342592923
0.8417313342593027
-0.8417313342593133
0.841731334259323
-0.8417313342593142
0.841731334259317
-0.8417313342593064
0.8417313342593067
-0.841731334259312
0.8417313342593277
-0.8417313342592968
0.8417313342592819
-0.8417313342592648
0.8417313342592762
-0.8417313342592788
0.8417313342592867
-0.8417313342592858
0.841731334259278
-0.8417313342592835
0.841731334259223
-0.8417313342591671
0.8417313342591081
-0.841731334258964
0.8417313342587558
-0.8417313342584579
0.8417313342579924
-0.8417313342572822
0.8417313342561789
-0.8417313342544952
0.8417313342518473
-0.8417313342477493
0.841731334241439
-0.84173133423164
0.84173133421643
-0.8417313341927829
0.8417313341560364
-0.8417313340988095
0.841731334009644
-0.8417313338706113
0.8417313336535439
-0.8417313333141948
0.8417313327830381
-0.8417313319505235
0.8417313306438611
-0.8417313285898382
0.8417313253557515
-0.8417313202548347
0.8417313121946015
-0.8417312994325638
0.8417312791829987
-0.8417312469776335
0.8417311956314013
-0.8417311135375584
0.8417309819140515
-0.8417307701299369
0.8417304283214769
-0.8417298739680075
0.8417289724196321
-0.8417274947749294
0.8417250718014632
-0.8417210383946427
0.8417143791075449
-0.8417029978966987
0.8416842277746033
-0.8416504559144098
0.8415962853962111
-0.841487556371771
0.8413301838354644
-0.8409307376243486
0.8405010449591176
-0.8387261181603495
0.8379453792117505
-0.8280930465246881
0.8314247758648686
-0.7625214937012298
0.8397753843597295