#MPS simulation for XXZ spin-1 chain
#parameters in unit of Jxy(=1) 
#************************# 
#local mg
-0.17923311343843706
0.035167316938579114
-0.07882643457747247
-0.0038116852906361263
-0.0386221306975429
-0.014213490362176682
-0.023150464987579004
-0.014830177069600839
-0.0163249179626455
-0.0130200459541129
-0.01261048368077923
-0.010948602594951173
-0.010179373052308692
-0.009133191900743865
-0.008396208172757614
-0.007636466212006856
-0.007008878069678713
-0.006416311804783741
-0.005896412103171179
-0.005418378971080065
-0.004988910552067633
-0.004596494402298835
-0.00424024558441662
-0.003914679202429713
-0.0036174868809019404
-0.003345358427050741
-0.0030960588705529653
-0.002867266886060822
-0.002657107575666978
-0.0024638223868986013
-0.0022858893376623696
-0.002121928305543973
-0.0019707075008176403
-0.0018311343154207046
-0.0017021898371028796
-0.0015830020226266126
-0.0014727380575305067
-0.0013706802893195921
-0.0012761475868850575
-0.0011885445493709146
-0.0011073120973002603
-0.0010319542875722543
-0.0009620092483617806
-0.0008970599842744411
-0.0008367216862865105
-0.0007806436962238248
-0.0007285051637788254
-0.0006800077533605467
-0.0006348886980884966
-0.0005928889309753336
-0.0005537806024399752
-0.0005173659150155876
-0.0004834343236993167
-0.000451816983903056
-0.00042230610469553724
-0.0003948539609621365
-0.000369192287103937
-0.0003452843317421294
-0.0003229591964176236
-0.00030213051643796207
-0.00028268041339740295
-0.0002645233771502696
-0.0002475628390303995
-0.00023172007987422354
-0.00021692055294500562
-0.00020308599907393742
-0.00019016010396982766
-0.00017807658224022827
-0.0001667778108330042
-0.00015621254839730156
-0.0001463355421118753
-0.00013708876890792607
-0.00012844720079106524
-0.0001203554025000851
-0.00011278716478464034
-0.00010570335520114782
-9.9071757175572e-05
-9.28627516515093e-05
-8.705260257795333e-05
-8.160806858022202e-05
-7.651225423000788e-05
-7.174030579518418e-05
-6.726729703945746e-05
-6.307933940530872e-05
-5.915502855619278e-05
-5.5479247767358905e-05
-5.2034021145206114e-05
-4.880463965414426e-05
-4.57785640529555e-05
-4.2941946859334565e-05
-4.028289535892421e-05
-3.77877467817163e-05
-3.545156348977881e-05
-3.325738348234292e-05
-3.1201731508340794e-05
-2.9273876804830678e-05
-2.7464508504979294e-05
-2.5768326359329265e-05
-2.4177474648112842e-05
-2.268494431431757e-05
-2.1283762508375935e-05
-1.997071768127053e-05
-1.873683370595939e-05
-1.758082995016645e-05
-1.64940656257719e-05
-1.547587228510749e-05
-1.4518102039957058e-05
-1.3620598088555556e-05
-1.2775626954598794e-05
-1.198494564449008e-05
-1.1239386820542469e-05
-1.0540199783820893e-05
-9.883745793229897e-06
-9.26441791317035e-06
-8.685229243458245e-06
-8.137517746919478e-06
-7.625938774895725e-06
-7.141583982625587e-06
-6.68941409911973e-06
-6.260683714911969e-06
-5.860555315652e-06
-5.480667271549034e-06
-5.126205497820436e-06
-4.788993062455268e-06
-4.474386759060074e-06
-4.174541980712103e-06
-3.894766346629031e-06
-3.6274271528271006e-06
-3.3778053868754445e-06
-3.1388644804381926e-06
-2.915444594370399e-06
-2.7008201841578467e-06
-2.4994756790982896e-06
-2.3054583483137523e-06
-2.124598983347807e-06
-1.9474238377007967e-06
-1.783314389156615e-06
-1.6217110533493255e-06
-1.471357679406981e-06
-1.321672103568382e-06
-1.1826607870517201e-06
-1.04298265760788e-06
-9.120898080314861e-07
-7.809012013378949e-07
-6.564983679690416e-07
-5.328443118647888e-07
-4.1268564835165e-07
-2.9273236539195e-07
-1.7469853586654697e-07
-5.7465396646609863e-08
5.905305834484554e-08
1.7691129598846971e-07
2.9486817210548396e-07
4.1403252456989134e-07
5.342166783154178e-07
6.578774590177885e-07
7.834785784919183e-07
9.120546622080282e-07
1.0437372471403449e-06
1.180471941776152e-06
1.3230067805879348e-06
1.4688354933014121e-06
1.6201064417914798e-06
1.7815485241311877e-06
1.945673127815458e-06
2.122146220805683e-06
2.3024137092291477e-06
2.497266176687336e-06
2.6964494151533167e-06
2.911349058287138e-06
3.1340938246284246e-06
3.3730763214349933e-06
3.622323640463775e-06
3.88942001447918e-06
4.168956348203222e-06
4.468595745545173e-06
4.782997701062102e-06
5.119897666054622e-06
5.4741506136013124e-06
5.8537869222561965e-06
6.253681133689562e-06
6.682034830200224e-06
7.133931439297057e-06
7.617941494257333e-06
8.129202468100211e-06
8.67653797344224e-06
9.255355142835405e-06
9.874826776722708e-06
1.0530770766324306e-05
1.1231979348335472e-05
1.197541672505826e-05
1.2769018473430299e-05
1.361227346615551e-05
1.451147618345717e-05
1.5468865161344805e-05
1.648684910304876e-05
1.7574190687501547e-05
1.8730240896949485e-05
1.9964673909036116e-05
2.127758505171376e-05
2.267963958899736e-05
2.4171936522708128e-05
2.5763383092218013e-05
2.74598385139961e-05
2.9269383632431392e-05
3.119754784609082e-05
3.325368755857854e-05
3.544610781897749e-05
3.778597335317786e-05
4.027970064126535e-05
4.2939833445923845e-05
4.5777445360230796e-05
4.880341553796223e-05
5.2033744600505814e-05
5.547807699075007e-05
5.915530392475299e-05
6.30792393250948e-05
6.726700923376468e-05
7.173841713764155e-05
7.651219122240576e-05
8.160730269427987e-05
8.705025125548526e-05
9.28605534600769e-05
9.906822468770375e-05
0.00010570032157401463
0.00011278235013102227
0.00012035575503016124
0.00012844255905686524
0.000137088926333454
0.00014633178124417746
0.00015620978913112805
0.0001667795409031283
0.00017807292145349886
0.00019016159225116786
0.0002030859783438825
0.00021691954286763538
0.00023171931652245375
0.00024756183173577957
0.00026452092348130675
0.0002826782355179703
0.00030212588582149925
0.00032295710774001604
0.0003452760702447003
0.00036919567342199856
0.00039483409360117645
0.0004223259085082426
0.0004518057674532446
0.00048343136182464516
0.0005173642654369906
0.0005537858070424871
0.0005928874748230816
0.0006348905209854394
0.0006800133398029988
0.0007285010896475423
0.0007806407163521973
0.0008367209410653921
0.0008970604311691095
0.0009620106943250727
0.0010319557958010871
0.0011073142649570325
0.001188545052004814
0.0012761496415341109
0.0013706804465885257
0.001472742153639287
0.001583002657714382
0.001702196030564676
0.0018311360090226354
0.0019707148459763815
0.0021219363495595333
0.002285896562643516
0.0024638315163433983
0.0026571197148558745
0.002867277201913193
0.003096070812396757
0.0033453689885556167
0.003617497970852033
0.003914689795975296
0.004240257514864262
0.004596503220130719
0.00498892402637615
0.005418388339353175
0.005896423563077168
0.006416319219592446
0.007008884767799436
0.0076364715922001185
0.008396212790499095
0.009133196453538673
0.010179375131804898
0.010948607992738323
0.012610487078864743
0.013020050219971121
0.01632492257092046
0.01483018196311669
0.02315047283529195
0.014213494532158462
0.038622143828378426
0.0038116866027387755
0.07882646222914255
-0.035167328191016214
0.17923317437979444