#MPS simulation for XXZ spin-1 chain
#parameters in unit of Jxy(=1) 
#************************# 
#local mg
-0.2141617312058559
0.050831995198224796
-0.09769110863541225
0.0042520279279692165
-0.04689283065132358
-0.010711424463575089
-0.026174214984923012
-0.013147902315011627
-0.016995016921344336
-0.011884345664874497
-0.012250070250506532
-0.009903249349279483
-0.009364530810413012
-0.00805853660969417
-0.0073826582105515634
-0.006527499705255144
-0.005918102091816201
-0.005297617782899052
-0.0047915709054576405
-0.00431604006559507
-0.00390554541142315
-0.0035307649594518977
-0.003199250681940426
-0.0028993615128690853
-0.0026311105263166715
-0.0023889169692153972
-0.002171018575087499
-0.00197416246447281
-0.0017964387196367046
-0.0016356457977926972
-0.0014901295781011511
-0.001358265923960013
-0.0012387033777414907
-0.0011302026181345842
-0.0010316596600975557
-0.0009421166925548314
-0.0008606852338482219
-0.0007865940043267316
-0.0007191399103194585
-0.0006576965496170338
-0.0006016995491379401
-0.0005506396895038557
-0.0005040624782280252
-0.00046155379035290055
-0.0004227520123379599
-0.0003873044768040214
-0.00035492118556371745
-0.0003253248847704966
-0.000298253320647271
-0.0002734982886932311
-0.00025085270291558384
-0.00023012511991947886
-0.00021115554188154477
-0.00019378240072934604
-0.0001778700739136132
-0.00016329296884536927
-0.00014993413587865084
-0.0001376905256223703
-0.0001264664398677047
-0.00011617457345189163
-0.00010673610667431444
-9.807694282809865e-05
-9.013294743515803e-05
-8.28431712060599e-05
-7.615104982553465e-05
-7.000966877708279e-05
-6.436929469343722e-05
-5.919022053861982e-05
-5.443580240590766e-05
-5.006314845103092e-05
-4.605161273677599e-05
-4.2362821164980786e-05
-3.897012442057285e-05
-3.5858458524149227e-05
-3.298744887716246e-05
-3.0362125831444702e-05
-2.793568070544546e-05
-2.571627801834921e-05
-2.3664072104779015e-05
-2.1787588281170003e-05
-2.0050747681151285e-05
-1.84626515456631e-05
-1.6992914993911502e-05
-1.5648080754910493e-05
-1.4405642937708712e-05
-1.3264120512272225e-05
-1.2212022209322019e-05
-1.1245858330291132e-05
-1.0354564724967038e-05
-9.536616252559626e-06
-8.78075452539018e-06
-8.088386313089886e-06
-7.446451714717902e-06
-6.860593356004872e-06
-6.316256440594458e-06
-5.818626934420259e-06
-5.358231157949106e-06
-4.936088889070094e-06
-4.543418819978889e-06
-4.186200124654987e-06
-3.855381776137171e-06
-3.5505446836563414e-06
-3.269607967605421e-06
-3.013411316552124e-06
-2.7720888687420847e-06
-2.556473859093937e-06
-2.351453119817533e-06
-2.169237361699273e-06
-1.994359035706146e-06
-1.839849429215274e-06
-1.6885709113150925e-06
-1.560250085921074e-06
-1.4322000263278252e-06
-1.3200562234515355e-06
-1.2126555882404969e-06
-1.119678775534455e-06
-1.0259612196405679e-06
-9.469380719792956e-07
-8.678976785188597e-07
-8.010211097531472e-07
-7.346916018744876e-07
-6.772231870552886e-07
-6.200123170967414e-07
-5.725152801715566e-07
-5.22454372430912e-07
-4.81402013552394e-07
-4.4003887633667724e-07
-4.0561726582803403e-07
-3.676166707133576e-07
-3.3987801987617724e-07
-3.0860599725630655e-07
-2.8214673455993365e-07
-2.575374577082138e-07
-2.334643545668336e-07
-2.131178041753569e-07
-1.9187014181375315e-07
-1.7467971558611805e-07
-1.559038740775491e-07
-1.4088880779027668e-07
-1.2433148943222392e-07
-1.1122479981444931e-07
-9.634007218627107e-08
-8.438904577362952e-08
-7.100539135116429e-08
-6.019197981181938e-08
-4.775902163145805e-08
-3.735332570662102e-08
-2.5775964730872616e-08
-1.5902765717945445e-08
-4.614994181310681e-09
5.446737986427083e-09
1.6513272567227542e-08
2.6577625226559844e-08
3.8022091255036704e-08
4.8793945500258664e-08
6.068559661719088e-08
7.20041577213876e-08
8.499420257032964e-08
9.756231244266345e-08
1.1173828048034127e-07
1.2549400381342033e-07
1.4157105163372656e-07
1.5725169021230555e-07
1.7537995872977027e-07
1.930840949910187e-07
2.140409194380559e-07
2.3458453609315532e-07
2.586653458784215e-07
2.8236359508343345e-07
3.104272223985566e-07
3.3821987850862195e-07
3.7080655652347946e-07
4.032806238211589e-07
4.413977446831671e-07
4.796691744926317e-07
5.241958081731095e-07
5.691916484540198e-07
6.213619860433972e-07
6.745780665228415e-07
7.355632410021111e-07
7.984033839940679e-07
8.704221070327929e-07
9.441569843883257e-07
1.0292094836281973e-06
1.115940816037659e-06
1.2141954913569122e-06
1.319000293584828e-06
1.431697486454008e-06
1.5583640254602803e-06
1.6902667089870099e-06
1.839303403619974e-06
1.9923950797174435e-06
2.1678833582589985e-06
2.3500644358638288e-06
2.557280084754846e-06
2.7702674296111058e-06
3.0139506348208716e-06
3.2673149673338168e-06
3.5527042473569043e-06
3.8524118095993865e-06
4.188360105416889e-06
4.541981914748294e-06
4.936475095924656e-06
5.357020919610441e-06
5.817052762633928e-06
6.3164223597315685e-06
6.861207524281766e-06
7.4464464818559775e-06
8.088296718159946e-06
8.780619710849323e-06
9.538564738133006e-06
1.0353111347272918e-05
1.1248063234674224e-05
1.2212193985124789e-05
1.3263717291299331e-05
1.4406747581902252e-05
1.5646470982593677e-05
1.6993278199908912e-05
1.8460365615188972e-05
2.0052170821906764e-05
2.1784998724651232e-05
2.3665158379316346e-05
2.5715592440426304e-05
2.7937984549951546e-05
3.0361180409622943e-05
3.2989708459859434e-05
3.585739446735969e-05
3.8968589630086594e-05
4.236260926035651e-05
4.604639495330409e-05
5.0066655296542484e-05
5.442950258860299e-05
5.919279644760716e-05
6.436716305129388e-05
7.000977178652676e-05
7.615082828279563e-05
8.284446731121225e-05
9.013252838156189e-05
9.807788518720652e-05
0.00010673640515515074
0.00011617486154226178
0.00012646791962308082
0.00013769069624333557
0.00014993481709472316
0.00016329180690681681
0.00017786895885268442
0.0001937802655715092
0.00021115318189566807
0.0002301247253732221
0.0002508510293539905
0.0002735002687792875
0.00029825110721504465
0.0003253180905644844
0.00035491907483397114
0.0003873009727037001
0.000422747132862753
0.0004615547468675075
0.0005040619696071425
0.0005506407094386762
0.0006017036110586623
0.0006576932662750741
0.0007191415836768501
0.0007865884012814449
0.0008606886034607701
0.0009421118998597571
0.0010316644790839384
0.0011301989990274335
0.001238707396081039
0.0013582681710796744
0.0014901318106888858
0.0016356496349006961
0.0017964446212150474
0.001974165649177434
0.0021710249920611022
0.002388918140045683
0.002631112742136697
0.002899365002268113
0.0031992525106733
0.003530766441822511
0.0039055452502608267
0.0043160402887016105
0.0047915701113596465
0.005297618220588816
0.005918102923360496
0.006527500061810731
0.007382658176077557
0.008058536577447267
0.009364530251089971
0.009903248835061634
0.012250069344606224
0.011884344681674467
0.016995016074627067
0.013147901050176734
0.026174213858669904
0.010711423525973032
0.04689283106283554
-0.004252028586616751
0.0976911080076502
-0.05083199516571346
0.21416173008490316