#MPS simulation for XXZ spin-1 chain
#parameters in unit of Jxy(=1) 
#************************# 
#local mg
-0.4513580095196146
0.22910256442349644
-0.2768404182155709
0.15653141326507827
-0.1647619594003112
0.09745732683109679
-0.09721214226698102
0.059051738312946
-0.05722497727779918
0.035383004426807564
-0.03367546383814937
0.021085316731904735
-0.01982342826430944
0.012527343332039179
-0.01167494455144917
0.007429361561965476
-0.0068793086453568355
0.004400821050341701
-0.004055350724705245
0.0026047309035177706
-0.002391554889983394
0.001540758140787086
-0.00141083553936452
0.0009109816928089651
-0.0008325212869249752
0.0005384295320726719
-0.0004913823095726655
0.00031814196373557087
-0.00029009130952776743
0.0001879346633774843
-0.00017128872266357554
0.00011099454309168005
-0.00010115604807820135
6.554178554957095e-05
-5.974693780550028e-05
3.8696109624182186e-05
-3.529345238953957e-05
2.2843122288214946e-05
-2.0850632264413512e-05
1.3483044246563371e-05
-1.2319344586319673e-05
7.957440322175762e-06
-7.279257967537798e-06
4.695873287316036e-06
-4.301422706437404e-06
2.770934103684075e-06
-2.5418917024318508e-06
1.6350876866848389e-06
-1.5023175328224756e-06
9.648023984090037e-07
-8.878803983769977e-07
5.692876348890065e-07
-5.247240557261097e-07
3.359198059008348e-07
-3.100892089506733e-07
1.9822590591687258e-07
-1.8323760110161716e-07
1.169814887692838e-07
-1.0826944600017576e-07
6.904242640351477e-08
-6.39668793281428e-08
4.075367050067893e-08
-3.7788584034615154e-08
2.4058547968972044e-08
-2.232105679756951e-08
1.4204526407973689e-08
-1.318334410721712e-08
8.387452015113403e-09
-7.785291827475155e-09
4.953017979034418e-09
-4.597147535972035e-09
2.925268647702821e-09
-2.7142995435215763e-09
1.7276895847145453e-09
-1.602317989955319e-09
1.0204334900723322e-09
-9.457635748089756e-10
6.025937675407086e-10
-5.582048394549681e-10
3.5607869487777176e-10
-3.296379134646642e-10
2.1042943756975215e-10
-1.9462277779698696e-10
1.2424683057808427e-10
-1.1470466931083859e-10
7.325895163382178e-11
-6.745330337991972e-11
4.2984002024994167e-11
-3.962312598512898e-11
2.5287199208718066e-11
-2.3278806684996943e-11
1.4841469678794038e-11
-1.3508450553367426e-11
8.558652083405996e-12
-7.857267872744065e-12
4.9040406768802245e-12
-4.438526888763112e-12
2.6441667220187544e-12
-2.3383295893771337e-12
1.2797655471912014e-12
-1.2272588640203538e-12
7.031127174984874e-13
-6.417704391129879e-13
3.1233921757266674e-13
-3.141482284528486e-13
9.599783597031238e-14
-1.7343340763148669e-13
1.6365268831982964e-13
-1.2184992546394764e-13
1.3585011403300694e-13
-1.0009460805789074e-13
3.0389620621254825e-14
1.4622597294816958e-15
-2.4196605581326355e-14
1.2598430192566586e-14
-5.102139341090292e-14
7.130781678185801e-14
-4.912719464764001e-14
-6.742892597374752e-14
7.138526061998715e-14
-4.8457209974767823e-14
-7.289931587815456e-15
5.584404485414274e-14
-7.558935972838365e-14
8.14492826251175e-14
-9.979460366037372e-14
1.5509861205535328e-13
-2.520748892912727e-13
1.7143861814678635e-13
-1.4287431509534242e-13
1.664192669406884e-13
-1.4811640453692321e-13
1.2245455321431274e-13
-1.637638749826275e-13
1.8585048921351993e-13
-2.0507650866425463e-13
2.4797821463785445e-13
-3.397829261602812e-13
3.2304707938571226e-13
-3.3884838523227e-13
3.6826206207076664e-13
-3.230356933277638e-13
2.7455014748809236e-13
-1.2306857259567695e-13
8.284716006257316e-14
4.264722963883497e-14
-1.1698586982139168e-13
1.833843591268169e-13
-3.3636750651459893e-13
4.116959620981821e-13
-4.5308325906150207e-13
3.736729419391476e-13
-3.6353977017034903e-13
3.7309528321335923e-13
-3.784832707454681e-13
3.7413593154810706e-13
-3.398330649483568e-13
2.965472263307991e-13
-3.3765367120187014e-13
3.7037888651133706e-13
-3.90614008154712e-13
3.624451881102242e-13
-3.896802016992884e-13
4.5207753444718334e-13
-4.53659075235432e-13
4.4620363368132266e-13
-4.1966986085059205e-13
3.6803567777804614e-13
-2.427763708482204e-13
1.5837986664838903e-13
-8.06110389658018e-14
8.670475569494701e-14
-1.1476899556485804e-13
1.4095958478765458e-13
-1.9729454866601663e-14
3.1994733936212345e-14
2.336179630575872e-14
-9.132126008998947e-14
1.1535829977248116e-13
-1.8003600748336186e-13
1.3179690799634582e-13
-1.6469183829860777e-13
1.0933032286812341e-13
-7.682878013775801e-14
7.554476018589864e-14
-6.27126892669339e-14
1.2084313521011316e-13
-9.07267653311441e-14
1.3009420398812198e-13
-1.5336600938071797e-13
1.56938406027671e-13
-8.870183343479873e-14
1.2492708519979963e-13
-2.528101660682234e-14
6.541191235312547e-15
2.5220594171667906e-13
-3.5651044656636633e-13
7.465198426163434e-13
-8.400716499681679e-13
1.5482047664319329e-12
-1.6715723225163075e-12
2.645193151675452e-12
-2.846208730019038e-12
4.5461449778197116e-12
-4.98450906540701e-12
7.914586334435196e-12
-8.62279084083319e-12
1.3652278954533478e-11
-1.4941561944192476e-11
2.3412283540439868e-11
-2.5486479932324946e-11
3.983554925095485e-11
-4.3274402407801416e-11
6.766109400104903e-11
-7.343120127188876e-11
1.1490005429059995e-10
-1.2448706755617783e-10
1.9486067626979257e-10
-2.107206486306235e-10
3.299961123438956e-10
-3.5651406708232184e-10
5.587172459540232e-10
-6.029624195392769e-10
9.459967982769043e-10
-1.02053350500651e-09
1.6026370341270005e-09
-1.7279096898646937e-09
2.714849981529895e-09
-2.9255891521459743e-09
4.5979815794798526e-09
-4.953366214311955e-09
7.786212817232966e-09
-8.38720364034024e-09
1.318373063793926e-08
-1.4203154566198523e-08
2.232104328060245e-08
-2.4055927234876258e-08
3.778758011710762e-08
-4.074916416962093e-08
6.396440507068592e-08
-6.903517413865607e-08
1.0826357886070496e-07
-1.1697008050926178e-07
1.8322511733796263e-07
-1.982082633112612e-07
3.100649949553538e-07
-3.358928206372739e-07
5.246801185126746e-07
-5.692473407151137e-07
8.878097339449404e-07
-9.647438102897477e-07
1.5022437982659542e-06
-1.6350214494564572e-06
2.541999072955648e-06
-2.7709753488872414e-06
4.301510179686709e-06
-4.6959112198877925e-06
7.279198311129064e-06
-7.95758042155566e-06
1.2319304839754129e-05
-1.3483149355166267e-05
2.0850598024206787e-05
-2.2843070333493825e-05
3.529354189673418e-05
-3.8696079129689255e-05
5.974700779071576e-05
-6.554196679068417e-05
0.0001011562438690629
-0.00011099487983334068
0.00017128911345084307
-0.000187935233196622
0.00029009183320777515
-0.00031814278062026346
0.0004913831624372508
-0.0005384306021291818
0.0008325222639467657
-0.0009109827697240441
0.0014108368574734622
-0.0015407598031833615
0.0023915564842072433
-0.002604732646309371
0.0040553517250320695
-0.004400821400207569
0.0068793085378051995
-0.007429360942816485
0.011674944562128335
-0.012527343617567334
0.019823428909871925
-0.021085317087519213
0.033675463781444655
-0.035383004555966914
0.05722497730790537
-0.059051738416498314
0.09721214241755673
-0.09745732675269418
0.16476195950581585
-0.15653141325450223
0.2768404183948429
-0.22910256452378522
0.4513580097984614