#MPS simulation for XXZ spin-1 chain
#parameters in unit of Jxy(=1) 
#************************# 
#local mg
-0.2507700352937826
0.07017274338996464
-0.11900352639238433
0.01614241556495478
-0.05683666457553601
-0.0044834511405202815
-0.029918588288138433
-0.00976374074595712
-0.017792693917987146
-0.009724133101382808
-0.011758046907387317
-0.008240118515917858
-0.00835512881471807
-0.00661259301190411
-0.00620297724397005
-0.005206742302869581
-0.004722685085358432
-0.004078724324569227
-0.0036490184653917286
-0.003196291632147033
-0.002845404998139118
-0.002510867548974031
-0.0022325774821312927
-0.00197839642790898
-0.0017597430987362284
-0.0015635566599973402
-0.0013920300820627048
-0.0012391667491781875
-0.0011044103793054676
-0.0009845578900677064
-0.0008784199471586225
-0.0007840235940749975
-0.0007001951054150994
-0.0006255862849758303
-0.0005592003461754477
-0.0005000590280058064
-0.00044735994777241717
-0.00040036111280577764
-0.0003584319811171113
-0.00032100190711348097
-0.0002875749221218325
-0.0002577074720891289
-0.00023100936534288714
-0.00020713687195709102
-0.00018577980839538973
-0.00016666789549106312
-0.00014955964111222332
-0.0001342376701476912
-0.00012051424036177872
-0.00010821573124234709
-9.719317716324931e-05
-8.731140084803987e-05
-7.844685116042591e-05
-7.049917162995885e-05
-6.336267387231833e-05
-5.6963406778920474e-05
-5.121469373630399e-05
-4.605624861014224e-05
-4.1421536341877346e-05
-3.725972432715648e-05
-3.352000466940337e-05
-3.0160162742000383e-05
-2.714032357040826e-05
-2.442610336341626e-05
-2.1986098135282072e-05
-1.979092996079655e-05
-1.781852389402614e-05
-1.6043298778578588e-05
-1.444776895031585e-05
-1.3010167427308982e-05
-1.1718375276502531e-05
-1.0553059899348928e-05
-9.507673076349403e-06
-8.56291313766093e-06
-7.715023549799951e-06
-6.950059880807997e-06
-6.262174942954609e-06
-5.641889834056716e-06
-5.083699137870682e-06
-4.580609493125744e-06
-4.126737672908473e-06
-3.7190876790395607e-06
-3.3510571344985853e-06
-3.0199571424383773e-06
-2.7212704829017644e-06
-2.452302272016187e-06
-2.209787136711587e-06
-1.9912800588412454e-06
-1.794297277545503e-06
-1.6167577487102928e-06
-1.4567111280476516e-06
-1.3124414861141615e-06
-1.182384605098837e-06
-1.0651369975754306e-06
-9.594451929295955e-07
-8.641621684459246e-07
-7.782744406951124e-07
-7.008478061942489e-07
-6.310647533158817e-07
-5.681629978135369e-07
-5.114780161121886e-07
-4.603898807765318e-07
-4.1436053389074545e-07
-3.728834032027682e-07
-3.355206314736e-07
-3.018601206134259e-07
-2.715462016634386e-07
-2.442424180034467e-07
-2.1965912566956348e-07
-1.975219101311781e-07
-1.7759623175235392e-07
-1.5965771977288744e-07
-1.4351487122976844e-07
-1.289854609423712e-07
-1.1591417406567206e-07
-1.041519060258781e-07
-9.35723581851587e-08
-8.405429840208986e-08
-7.549524568336109e-08
-6.779614972880898e-08
-6.087384753795791e-08
-5.464776820827907e-08
-4.905012662117532e-08
-4.401632484256715e-08
-3.949017639543449e-08
-3.541947758855117e-08
-3.175924291317131e-08
-2.8466206277721746e-08
-2.550404701222168e-08
-2.283782501880987e-08
-2.0438200856993044e-08
-1.827592511651243e-08
-1.632770230570387e-08
-1.456968165269025e-08
-1.2982795526666537e-08
-1.1547444818055335e-08
-1.0247884506468248e-08
-9.06843491431656e-09
-7.995921691363633e-09
-7.017071315091479e-09
-6.12110644433724e-09
-5.296945446570201e-09
-4.535592393997052e-09
-3.8274061371526655e-09
-3.164809035438607e-09
-2.5390693115770372e-09
-1.9438157544096427e-09
-1.3712315511979177e-09
-8.150062391421135e-10
-2.6819209119622195e-10
2.750867132810716e-10
8.220818259945034e-10
1.3783846740709494e-09
1.9513872620664266e-09
2.5469780025035324e-09
3.1731156845323034e-09
3.8363741384443e-09
4.5453021126341936e-09
5.30744378884206e-09
6.132494809797692e-09
7.029655022092449e-09
8.009480159462796e-09
9.0837746555778e-09
1.0264555113559959e-08
1.156619011587854e-08
1.3003241521873875e-08
1.4592691765092839e-08
1.6352911848890612e-08
1.8304233699824922e-08
2.0469067287859298e-08
2.287273029099543e-08
2.554236666854119e-08
2.8508803316768585e-08
3.1806278818823034e-08
3.547197150337474e-08
3.954784355325843e-08
4.4080400584684844e-08
4.9120718037497616e-08
5.4725744701031586e-08
6.09594420148504e-08
6.789087209039585e-08
7.559911748252962e-08
8.416889324595253e-08
9.369756504946325e-08
1.042895818599041e-07
1.1606416402833074e-07
1.2915022994420658e-07
1.436934523742613e-07
1.5985299842102947e-07
1.7780763878237406e-07
1.9775222972600826e-07
2.1990735284767213e-07
2.445111169524349e-07
2.7183517988802454e-07
3.0217122849227095e-07
3.35852788148492e-07
3.7323897306810865e-07
4.147383203718665e-07
4.6079178450966205e-07
5.119011466470553e-07
5.686094612187875e-07
6.315324061009801e-07
7.013375507017921e-07
7.787819633464793e-07
8.646889007036339e-07
9.599893376845658e-07
1.065696747127536e-06
1.182958020255575e-06
1.313026266332697e-06
1.4573126094076987e-06
1.617365190565928e-06
1.7949225792684154e-06
1.991903559725118e-06
2.2104481731410375e-06
2.452931627702217e-06
2.72198815176003e-06
3.020569919799855e-06
3.3519052828417593e-06
3.7196831138625093e-06
4.127821947592775e-06
4.581008492580606e-06
5.083877727599478e-06
5.642496040362536e-06
6.262063628153821e-06
6.950742273924619e-06
7.7154104822498e-06
8.563679788171496e-06
9.507768077709848e-06
1.0554209979071744e-05
1.171848301118111e-05
1.3010070986284297e-05
1.4447354593882691e-05
1.6044550335718096e-05
1.7818273012872015e-05
1.9792553269840423e-05
2.1985543969300208e-05
2.4427098365756673e-05
2.7140588908480278e-05
3.0161247031592415e-05
3.352018792592451e-05
3.725964195492433e-05
4.142204958717654e-05
4.605527465579682e-05
5.12167621873263e-05
5.696239899814488e-05
6.33644090643869e-05
7.049854578022643e-05
7.844662952183e-05
8.731200306412589e-05
9.719173079120516e-05
0.00010821757598212156
0.00012051230434683434
0.00013423941919215115
0.00014955872176427893
0.0001666685643000584
0.0001857800481747683
0.00020713624217042034
0.00023100963128341084
0.00025770514723171375
0.00028757287480681877
0.00032099902817841173
0.00035842890723378337
0.0004003585515661875
0.0004473575271988546
0.0005000544998554557
0.0005592001379220523
0.0006255828867718496
0.0007001938175281315
0.000784022998744808
0.0008784192010639562
0.000984556270142551
0.0011044091329733873
0.0012391653205540022
0.0013920286340365835
0.0015635553903820408
0.0017597417861166243
0.00197839531648293
0.002232575848520393
0.0025108671448066198
0.0028454048225245855
0.003196291691191006
0.0036490183501947772
0.004078726659955657
0.0047226862873259775
0.00520674338471501
0.006202978659671457
0.006612593761037767
0.00835512972830069
0.00824011945729644
0.01175804774552582
0.00972413391350786
0.01779269450582478
0.009763741205906012
0.029918588241361798
0.004483451532563056
0.05683666430369168
-0.016142415194380654
0.11900352549879499
-0.07017274261821495
0.2507700333369258